datasheet_id|enhancement_id|
000000001|000009623003|
000000001|000008881005|
000000001|000008872003|
000000001|000009795005|
000000001|000009615003|
000000001|000009991004|
000000001|000009991002|
000000001|000008881004|
000000001|000008885003|
000000001|000008367003|
000000001|000009991005|
000000001|000008367004|
000000001|000008367005|
000000001|000009795002|
000000001|000009615002|
000000001|000008881002|
000000001|000008881003|
000000001|000008885002|
000000001|000008367002|
000000001|000009991003|
000000001|000008885004|
000000001|000008872002|
000000001|000009795004|
000000002|000008881005|
000000002|000008881002|
000000002|000008881004|
000000002|000008367002|
000000002|000009795002|
000000002|000008367004|
000000002|000008872002|
000000002|000009623003|
000000002|000009991005|
000000002|000009615003|
000000002|000009795005|
000000002|000008367005|
000000002|000008885004|
000000002|000008872003|
000000002|000009795004|
000000002|000009615002|
000000002|000008885002|
000000002|000009991002|
000000002|000008885003|
000000002|000008885005|
000000002|000009991004|
000000002|000008881003|
000000002|000008367003|
000000002|000009991003|
000000003|000009991004|
000000003|000008367005|
000000003|000009795004|
000000003|000008367003|
000000003|000008872003|
000000003|000008367004|
000000003|000009991003|
000000003|000008367002|
000000003|000009991005|
000000003|000009795005|
000000003|000009991002|
000000004|000008881003|
000000004|000009991003|
000000004|000009795004|
000000004|000008367003|
000000004|000009991002|
000000004|000009615002|
000000004|000008881004|
000000004|000009991005|
000000004|000009991004|
000000004|000008881002|
000000004|000008367005|
000000004|000008872002|
000000004|000008872003|
000000004|000008881005|
000000004|000008367002|
000000004|000009615003|
000000004|000008367004|
000000006|000009991004|
000000006|000009795004|
000000006|000008367004|
000000006|000009991005|
000000006|000009991003|
000000006|000008881002|
000000006|000009795005|
000000006|000009795003|
000000006|000008872002|
000000006|000008367002|
000000006|000009991002|
000000006|000008367005|
000000006|000009615003|
000000006|000008877002|
000000006|000008877005|
000000006|000008872003|
000000006|000008877004|
000000006|000008881005|
000000006|000008881003|
000000006|000009615002|
000000006|000008881004|
000000006|000008877003|
000000006|000008367003|
000000007|000009795004|
000000007|000008367005|
000000007|000008872003|
000000007|000008367002|
000000007|000009991005|
000000007|000009991002|
000000007|000009615003|
000000007|000008367004|
000000007|000009991004|
000000007|000008367003|
000000007|000009991003|
000000007|000009795003|
000000007|000009615002|
000000012|000009615002|
000000012|000008872002|
000000012|000009991002|
000000012|000008872003|
000000012|000008881004|
000000012|000009615003|
000000012|000008881005|
000000012|000008367003|
000000012|000008877004|
000000012|000008367004|
000000012|000009795004|
000000012|000009991004|
000000012|000008877003|
000000012|000008367002|
000000012|000009795005|
000000012|000008877002|
000000012|000008367005|
000000012|000009991003|
000000012|000008881002|
000000012|000009991005|
000000012|000008877005|
000000012|000008881003|
000000013|000008367003|
000000013|000009991005|
000000013|000008367002|
000000013|000008881002|
000000013|000008872003|
000000013|000008881004|
000000013|000008367005|
000000013|000009991003|
000000013|000009991002|
000000013|000009795004|
000000013|000008367004|
000000013|000008881003|
000000013|000009991004|
000000013|000009615002|
000000013|000009615003|
000000013|000008881005|
000000013|000008872002|
000000014|000008872003|
000000014|000008367004|
000000014|000009991003|
000000014|000009991004|
000000014|000009795004|
000000014|000008367005|
000000014|000009991005|
000000014|000008367003|
000000014|000008367002|
000000014|000009991002|
000000022|000008881003|
000000022|000009991003|
000000022|000008872002|
000000022|000008881002|
000000022|000009991002|
000000022|000008881004|
000000022|000009795004|
000000022|000008872003|
000000022|000008367003|
000000022|000008367004|
000000022|000008367002|
000000022|000009991004|
000000022|000008881005|
000000022|000009991005|
000000022|000008367005|
000000024|000009623002|
000000060|000008376005|
000000060|000010155003|
000000060|000008376002|
000000060|000008474005|
000000060|000008474002|
000000060|000010629002|
000000060|000010633002|
000000060|000008486004|
000000060|000009240002|
000000060|000008482003|
000000060|000009835002|
000000060|000010400004|
000000060|000010368005|
000000060|000008482005|
000000060|000010400005|
000000060|000008486003|
000000060|000008478003|
000000060|000009843003|
000000060|000008494003|
000000060|000008494002|
000000060|000008474004|
000000060|000009835003|
000000060|000010155002|
000000060|000009240003|
000000060|000010400003|
000000060|000009835004|
000000060|000008522002|
000000060|000010269005|
000000060|000010265005|
000000060|000010261005|
000000060|000008376004|
000000060|000008376003|
000000060|000008522004|
000000060|000008478005|
000000060|000010460002|
000000060|000009733002|
000000060|000008482004|
000000060|000010633004|
000000060|000009835005|
000000060|000010466002|
000000060|000009851005|
000000060|000010261003|
000000060|000010466005|
000000060|000008353003|
000000060|000008353002|
000000060|000010633005|
000000060|000009851002|
000000060|000008490003|
000000060|000010629004|
000000060|000010368003|
000000060|000010392003|
000000060|000010368002|
000000060|000010629003|
000000060|000010396003|
000000060|000010265003|
000000060|000008771003|
000000060|000010368004|
000000060|000008771004|
000000060|000010623002|
000000060|000008771002|
000000060|000010623004|
000000060|000008490002|
000000060|000008353005|
000000060|000010623003|
000000060|000010633003|
000000060|000010466004|
000000060|000010269003|
000000060|000010392005|
000000060|000010396004|
000000060|000010400002|
000000061|000009733002|
000000063|000008478005|
000000063|000008474005|
000000063|000008486003|
000000063|000008353002|
000000063|000010155003|
000000063|000010396003|
000000063|000010460002|
000000063|000010368005|
000000063|000010400004|
000000063|000008778005|
000000063|000010466005|
000000063|000010633003|
000000063|000010368002|
000000063|000008486004|
000000063|000010400005|
000000063|000008376004|
000000063|000008353003|
000000063|000008490003|
000000063|000010633004|
000000063|000010629005|
000000063|000008486002|
000000063|000010629004|
000000063|000010368004|
000000063|000010269003|
000000063|000008778004|
000000063|000008376005|
000000063|000009835002|
000000063|000008482004|
000000063|000010396004|
000000063|000010269005|
000000063|000010629002|
000000063|000009835003|
000000063|000009843003|
000000063|000010265003|
000000063|000010466004|
000000063|000008771003|
000000063|000009733002|
000000063|000008376003|
000000063|000010261003|
000000063|000010265005|
000000063|000010261005|
000000063|000008478003|
000000063|000008522002|
000000063|000009835005|
000000063|000008494002|
000000063|000010155002|
000000063|000010623004|
000000063|000008486005|
000000063|000008353005|
000000063|000008474004|
000000063|000008482005|
000000063|000010155005|
000000063|000008771004|
000000063|000010400002|
000000063|000009851005|
000000063|000008494003|
000000063|000010623003|
000000063|000010633005|
000000063|000008778003|
000000063|000008778002|
000000063|000008771002|
000000063|000010392005|
000000063|000008376002|
000000063|000010623002|
000000063|000010633002|
000000063|000010629003|
000000063|000008522004|
000000063|000009733003|
000000063|000010400003|
000000064|000009733002|
000000065|000009733005|
000000065|000009733002|
000000066|000009733005|
000000066|000009733002|
000000067|000009733002|
000000068|000009733002|
000000070|000009733002|
000000071|000009733005|
000000071|000009733002|
000000072|000009733002|
000000072|000009733003|
000000073|000009835003|
000000073|000010368002|
000000073|000008376002|
000000073|000009240003|
000000073|000008771003|
000000073|000008353002|
000000073|000008494002|
000000073|000008376004|
000000073|000010396003|
000000073|000010269003|
000000073|000010623004|
000000073|000010261003|
000000073|000010368004|
000000073|000009835005|
000000073|000008490002|
000000073|000008482003|
000000073|000008482004|
000000073|000010400002|
000000073|000008376003|
000000073|000010368003|
000000073|000008771004|
000000073|000008478003|
000000073|000009835004|
000000073|000010392003|
000000073|000010633002|
000000073|000010265003|
000000073|000010400005|
000000073|000008522005|
000000073|000008353003|
000000073|000010629004|
000000073|000010623003|
000000073|000008522002|
000000073|000010466004|
000000073|000008353004|
000000073|000010460002|
000000073|000010269005|
000000073|000008482005|
000000073|000010466002|
000000073|000009843003|
000000073|000008494003|
000000073|000010265005|
000000073|000010261005|
000000073|000010633004|
000000073|000008771002|
000000073|000010392005|
000000073|000010633003|
000000073|000010629003|
000000073|000008522004|
000000073|000008353005|
000000073|000008490003|
000000073|000010400004|
000000073|000009851005|
000000073|000009733002|
000000073|000010155003|
000000073|000009733004|
000000073|000010629002|
000000073|000008474003|
000000073|000010623002|
000000073|000008486004|
000000073|000008478005|
000000073|000010396004|
000000073|000010155002|
000000073|000008376005|
000000073|000008474005|
000000073|000008474004|
000000073|000008482002|
000000073|000010466005|
000000073|000008486003|
000000073|000009835002|
000000073|000010368005|
000000073|000009240002|
000000073|000010400003|
000000073|000010633005|
000000073|000009851002|
000000076|000008482003|
000000076|000010368003|
000000076|000008474004|
000000076|000009835005|
000000076|000010460002|
000000076|000009248003|
000000076|000010400004|
000000076|000010633003|
000000076|000009835003|
000000076|000010400002|
000000076|000008771003|
000000076|000009851002|
000000076|000008474005|
000000076|000010466005|
000000076|000010368005|
000000076|000010392003|
000000076|000010629002|
000000076|000008494003|
000000076|000008490002|
000000076|000008353005|
000000076|000008490003|
000000076|000010629004|
000000076|000008486003|
000000076|000009835002|
000000076|000010629003|
000000076|000009843003|
000000076|000008771004|
000000076|000010623004|
000000076|000009733002|
000000076|000010392005|
000000076|000009851005|
000000076|000008478003|
000000076|000008376004|
000000076|000008376002|
000000076|000008771002|
000000076|000010269003|
000000076|000010265003|
000000076|000010155002|
000000076|000010368004|
000000076|000010633005|
000000076|000009240003|
000000076|000008522004|
000000076|000008490004|
000000076|000008486004|
000000076|000010155003|
000000076|000009733004|
000000076|000010396004|
000000076|000008482005|
000000076|000010623003|
000000076|000008494002|
000000076|000010269005|
000000076|000008478005|
000000076|000009835004|
000000076|000008376005|
000000076|000010466004|
000000076|000010400005|
000000076|000008376003|
000000076|000009240002|
000000076|000010400003|
000000076|000010466003|
000000076|000008353002|
000000076|000010633004|
000000076|000010466002|
000000076|000010623002|
000000076|000010633002|
000000076|000008353003|
000000076|000008522002|
000000076|000010368002|
000000076|000010261005|
000000076|000008490005|
000000076|000009248002|
000000076|000010265005|
000000076|000010261003|
000000076|000010396003|
000000076|000008482004|
000000079|000008474004|
000000079|000010633003|
000000079|000010460002|
000000079|000009843003|
000000079|000009785004|
000000079|000010466005|
000000079|000010396004|
000000079|000010633004|
000000079|000010466004|
000000079|000010633005|
000000079|000009835005|
000000079|000008376005|
000000079|000008482004|
000000079|000008482003|
000000079|000010629002|
000000079|000009785003|
000000079|000009835002|
000000079|000008353005|
000000079|000009851004|
000000079|000008774003|
000000079|000009255003|
000000079|000008771003|
000000079|000008353003|
000000079|000009851003|
000000079|000008774002|
000000079|000010629003|
000000079|000010623005|
000000079|000009835003|
000000079|000010392003|
000000079|000008494003|
000000079|000008490003|
000000079|000010629004|
000000079|000008376004|
000000079|000010155003|
000000079|000008494004|
000000079|000009851005|
000000079|000009733002|
000000079|000009835004|
000000079|000008522004|
000000079|000010623002|
000000079|000010623003|
000000079|000010155004|
000000079|000010392005|
000000079|000010623004|
000000079|000008376003|
000000079|000008494005|
000000079|000010396003|
000000079|000009785005|
000000079|000008486004|
000000079|000008474005|
000000079|000010269005|
000000079|000009255002|
000000079|000010265005|
000000079|000008771002|
000000079|000010466002|
000000079|000010261005|
000000079|000010400002|
000000079|000008771004|
000000079|000010368003|
000000079|000010400004|
000000079|000010368002|
000000079|000010400005|
000000079|000010400003|
000000079|000008494002|
000000079|000009851002|
000000079|000010368004|
000000079|000008486003|
000000079|000008774004|
000000079|000009733005|
000000079|000008490002|
000000079|000008478003|
000000079|000008774005|
000000079|000008522002|
000000079|000008482005|
000000079|000010155002|
000000079|000010261003|
000000079|000010265003|
000000079|000008478005|
000000079|000010269003|
000000079|000010368005|
000000079|000008376002|
000000079|000010460004|
000000079|000010633002|
000000079|000010460003|
000000079|000008353002|
000000083|000008522005|
000000083|000008474004|
000000083|000010155002|
000000083|000010623004|
000000083|000009843003|
000000083|000008376005|
000000083|000009835002|
000000083|000010629003|
000000083|000008482003|
000000083|000008353002|
000000083|000008771002|
000000083|000008522004|
000000083|000008482002|
000000083|000010368003|
000000083|000010269005|
000000083|000010633005|
000000083|000010396003|
000000083|000010629002|
000000083|000008482005|
000000083|000010265005|
000000083|000008474005|
000000083|000010368004|
000000083|000009733002|
000000083|000010460002|
000000083|000009835005|
000000083|000008490003|
000000083|000009733004|
000000083|000009240003|
000000083|000010623002|
000000083|000008482004|
000000083|000010396004|
000000083|000009190003|
000000083|000009851002|
000000083|000010269003|
000000083|000008522002|
000000083|000009835003|
000000083|000008494003|
000000083|000009190002|
000000083|000010633003|
000000083|000008478005|
000000083|000009190004|
000000083|000009190005|
000000083|000010261005|
000000083|000010633004|
000000083|000010623003|
000000083|000008771003|
000000083|000010466004|
000000083|000008494002|
000000083|000010400004|
000000083|000008486004|
000000083|000010466005|
000000083|000009851005|
000000083|000010400005|
000000083|000008376004|
000000083|000010392005|
000000083|000008353004|
000000083|000010466002|
000000083|000010629004|
000000083|000010368002|
000000083|000009835004|
000000083|000008353003|
000000083|000008353005|
000000083|000010155003|
000000083|000008771004|
000000083|000008478003|
000000083|000010400002|
000000083|000010400003|
000000083|000008376002|
000000083|000010265003|
000000083|000010633002|
000000083|000008474003|
000000083|000009240002|
000000083|000008376003|
000000083|000008490002|
000000083|000010261003|
000000083|000008486003|
000000083|000010392003|
000000083|000010368005|
000000084|000009733003|
000000084|000009733002|
000000085|000009733002|
000000086|000009733002|
000000087|000009733002|
000000091|000009733005|
000000091|000009733002|
000000092|000009733002|
000000093|000009733002|
000000094|000010400004|
000000094|000009851005|
000000094|000008474005|
000000094|000010466005|
000000094|000010633003|
000000094|000010460002|
000000094|000008486002|
000000094|000010261005|
000000094|000010392005|
000000094|000010265005|
000000094|000010155005|
000000094|000010368002|
000000094|000010155003|
000000094|000008353003|
000000094|000010629002|
000000094|000010400002|
000000094|000010269005|
000000094|000009835002|
000000094|000008353005|
000000094|000008522004|
000000094|000010629005|
000000094|000010400003|
000000094|000010269003|
000000094|000010368004|
000000094|000008376004|
000000094|000010629004|
000000094|000010392004|
000000094|000008778003|
000000094|000009835003|
000000094|000008486004|
000000094|000008482005|
000000094|000008376003|
000000094|000008771004|
000000094|000010623002|
000000094|000010392002|
000000094|000009733003|
000000094|000008486005|
000000094|000009733002|
000000094|000008494003|
000000094|000010633002|
000000094|000010633005|
000000094|000008478003|
000000094|000008376002|
000000094|000010633004|
000000094|000008778002|
000000094|000008522002|
000000094|000008778005|
000000094|000010396004|
000000094|000010265003|
000000094|000008474004|
000000094|000008778004|
000000094|000010466004|
000000094|000008478005|
000000094|000010368005|
000000094|000010623004|
000000094|000008490003|
000000094|000010261003|
000000094|000009843005|
000000094|000010396003|
000000094|000009733004|
000000094|000008771003|
000000094|000009835005|
000000094|000008494002|
000000094|000008353002|
000000094|000010623003|
000000094|000010155002|
000000094|000008771002|
000000094|000008482004|
000000094|000010629003|
000000094|000009843003|
000000094|000010400005|
000000094|000008376005|
000000094|000008486003|
000000095|000009733002|
000000097|000009733002|
000000098|000009733002|
000000099|000009733002|
000000103|000009733002|
000000104|000009733002|
000000104|000009733005|
000000107|000009733003|
000000107|000009733002|
000000110|000009733002|
000000111|000009733005|
000000111|000009733002|
000000112|000010400005|
000000112|000010623002|
000000112|000010392004|
000000112|000009835005|
000000112|000010466005|
000000112|000010466002|
000000112|000010392005|
000000112|000009240003|
000000112|000008376005|
000000112|000010629003|
000000112|000008771002|
000000112|000010623003|
000000112|000010633005|
000000112|000009190002|
000000112|000010633004|
000000112|000008486004|
000000112|000010368005|
000000112|000010269005|
000000112|000009190003|
000000112|000010265005|
000000112|000010368004|
000000112|000010261005|
000000112|000009835003|
000000112|000008482005|
000000112|000010633002|
000000112|000009835002|
000000112|000010400003|
000000112|000008482003|
000000112|000008478003|
000000112|000009733002|
000000112|000008376002|
000000112|000009843003|
000000112|000008353005|
000000112|000008522002|
000000112|000010623004|
000000112|000008474004|
000000112|000008494002|
000000112|000008376003|
000000112|000008494003|
000000112|000010265003|
000000112|000008353003|
000000112|000008771003|
000000112|000008353002|
000000112|000009190004|
000000112|000010269003|
000000112|000009240002|
000000112|000008478005|
000000112|000008482004|
000000112|000010466004|
000000112|000008474005|
000000112|000010368002|
000000112|000010261003|
000000112|000010400004|
000000112|000010155003|
000000112|000009851005|
000000112|000008522004|
000000112|000010633003|
000000112|000008376004|
000000112|000010392002|
000000112|000010629004|
000000112|000010396004|
000000112|000010392003|
000000112|000009843005|
000000112|000009733004|
000000112|000009835004|
000000112|000008490002|
000000112|000010155002|
000000112|000010629002|
000000112|000008490003|
000000112|000010460002|
000000112|000010368003|
000000112|000010396003|
000000112|000010400002|
000000112|000009190005|
000000112|000008771004|
000000112|000009851002|
000000112|000008486003|
000000113|000009733003|
000000113|000009733002|
000000114|000009733003|
000000114|000009733002|
000000115|000009835002|
000000115|000008486004|
000000115|000009835003|
000000115|000008478005|
000000115|000010269003|
000000115|000008474005|
000000115|000008482003|
000000115|000010629002|
000000115|000010623004|
000000115|000008376003|
000000115|000010629004|
000000115|000010392004|
000000115|000008353005|
000000115|000009843005|
000000115|000008771003|
000000115|000008474004|
000000115|000010400003|
000000115|000010396004|
000000115|000010623002|
000000115|000009851003|
000000115|000010466002|
000000115|000010460004|
000000115|000010368002|
000000115|000010623005|
000000115|000010392005|
000000115|000008376004|
000000115|000010400002|
000000115|000008478003|
000000115|000008774002|
000000115|000010460002|
000000115|000008376002|
000000115|000008522004|
000000115|000010633002|
000000115|000009851004|
000000115|000010466005|
000000115|000008774003|
000000115|000010400005|
000000115|000009851005|
000000115|000010265003|
000000115|000010155003|
000000115|000008486003|
000000115|000008376005|
000000115|000009255003|
000000115|000010633003|
000000115|000009835004|
000000115|000009835005|
000000115|000010400004|
000000115|000008482005|
000000115|000008494005|
000000115|000008482004|
000000115|000009733004|
000000115|000008490003|
000000115|000008494003|
000000115|000010396003|
000000115|000010623003|
000000115|000010261003|
000000115|000008771004|
000000115|000008771002|
000000115|000010368005|
000000115|000010629003|
000000115|000010633005|
000000115|000008353002|
000000115|000010368003|
000000115|000009733005|
000000115|000010392003|
000000115|000008353003|
000000115|000008774005|
000000115|000010460003|
000000115|000008774004|
000000115|000010269005|
000000115|000010155002|
000000115|000010265005|
000000115|000010261005|
000000115|000008494002|
000000115|000008490002|
000000115|000009843003|
000000115|000010368004|
000000115|000008522002|
000000115|000010633004|
000000115|000010155004|
000000115|000008494004|
000000115|000010466004|
000000115|000009851002|
000000115|000010392002|
000000115|000009255002|
000000115|000009733002|
000000116|000009733002|
000000116|000009733003|
000000117|000009733005|
000000117|000009733002|
000000118|000009733005|
000000118|000009733002|
000000119|000008494003|
000000119|000009843003|
000000119|000008482004|
000000119|000009248002|
000000119|000010629002|
000000119|000010155003|
000000119|000010629004|
000000119|000008376004|
000000119|000009835004|
000000119|000008522004|
000000119|000010623002|
000000119|000008376005|
000000119|000009835005|
000000119|000010265003|
000000119|000010466003|
000000119|000010623003|
000000119|000010392005|
000000119|000008771004|
000000119|000009240003|
000000119|000010368005|
000000119|000010633005|
000000119|000010623004|
000000119|000010392003|
000000119|000008376003|
000000119|000009785005|
000000119|000009851005|
000000119|000010466004|
000000119|000008486004|
000000119|000008474005|
000000119|000010629003|
000000119|000010633004|
000000119|000008771002|
000000119|000010400005|
000000119|000010466002|
000000119|000010466005|
000000119|000010261003|
000000119|000010400002|
000000119|000010396003|
000000119|000010460002|
000000119|000010368003|
000000119|000009248003|
000000119|000010633003|
000000119|000010400004|
000000119|000010368002|
000000119|000008474004|
000000119|000008353002|
000000119|000008490005|
000000119|000009785004|
000000119|000010400003|
000000119|000008353005|
000000119|000009835002|
000000119|000008490002|
000000119|000010269003|
000000119|000010368004|
000000119|000009733002|
000000119|000009785002|
000000119|000010269005|
000000119|000008478005|
000000119|000010633002|
000000119|000008482003|
000000119|000010155002|
000000119|000008490003|
000000119|000009851002|
000000119|000010265005|
000000119|000008486003|
000000119|000008522002|
000000119|000010396004|
000000119|000010261005|
000000119|000009240002|
000000119|000008494002|
000000119|000008478003|
000000119|000008376002|
000000119|000008353003|
000000119|000008482005|
000000119|000008771003|
000000119|000008490004|
000000119|000009785003|
000000119|000009835003|
000000120|000009733002|
000000120|000009733005|
000000122|000009733002|
000000123|000009733002|
000000124|000009733003|
000000124|000009733002|
000000125|000009733002|
000000126|000009733002|
000000128|000009733002|
000000129|000009733002|
000000131|000009733002|
000000131|000009733005|
000000132|000009733003|
000000132|000009733002|
000000134|000009733002|
000000135|000010261005|
000000135|000008482004|
000000135|000010368004|
000000135|000010633004|
000000135|000008482003|
000000135|000008490002|
000000135|000010466005|
000000135|000008474004|
000000135|000008353002|
000000135|000010460003|
000000135|000010265005|
000000135|000008494004|
000000135|000008771003|
000000135|000008494002|
000000135|000008376002|
000000135|000010269003|
000000135|000009255002|
000000135|000008522002|
000000135|000009733002|
000000135|000008376005|
000000135|000008771002|
000000135|000010396004|
000000135|000008474005|
000000135|000009843003|
000000135|000009835002|
000000135|000008522005|
000000135|000009835003|
000000135|000010633005|
000000135|000010269005|
000000135|000008478005|
000000135|000008486004|
000000135|000010466002|
000000135|000008482005|
000000135|000010460004|
000000135|000010623005|
000000135|000010155003|
000000135|000010623003|
000000135|000010392005|
000000135|000010400003|
000000135|000010466004|
000000135|000010400005|
000000135|000008474003|
000000135|000009851005|
000000135|000008376003|
000000135|000010460002|
000000135|000008494005|
000000135|000008353005|
000000135|000010261003|
000000135|000008478003|
000000135|000010623002|
000000135|000008494003|
000000135|000010400002|
000000135|000010368003|
000000135|000008353003|
000000135|000010629003|
000000135|000010633002|
000000135|000008486003|
000000135|000009733005|
000000135|000010392003|
000000135|000008774004|
000000135|000009851004|
000000135|000010629002|
000000135|000010155002|
000000135|000009851003|
000000135|000010400004|
000000135|000008774005|
000000135|000010623004|
000000135|000010396003|
000000135|000010368005|
000000135|000008771004|
000000135|000008774002|
000000135|000009835005|
000000135|000010633003|
000000135|000008490003|
000000135|000010265003|
000000135|000010368002|
000000135|000009835004|
000000135|000008522004|
000000135|000009851002|
000000135|000008353004|
000000135|000010629004|
000000135|000008376004|
000000135|000009733004|
000000135|000010155004|
000000135|000009255003|
000000135|000008774003|
000000136|000009733002|
000000136|000009733005|
000000137|000009733002|
000000137|000009733003|
000000139|000009733002|
000000139|000009733003|
000000140|000008490002|
000000140|000010396003|
000000140|000010633004|
000000140|000009835002|
000000140|000010261005|
000000140|000008376004|
000000140|000008376002|
000000140|000008482004|
000000140|000008478003|
000000140|000008490003|
000000140|000010466004|
000000140|000008494003|
000000140|000010633002|
000000140|000008376003|
000000140|000010265005|
000000140|000009240002|
000000140|000010368004|
000000140|000008353002|
000000140|000010155003|
000000140|000010269005|
000000140|000008482002|
000000140|000010623003|
000000140|000008478002|
000000140|000010396004|
000000140|000010368005|
000000140|000008482005|
000000140|000010400002|
000000140|000009240003|
000000140|000009835003|
000000140|000009835005|
000000140|000010392005|
000000140|000010400004|
000000140|000010633003|
000000140|000009851005|
000000140|000010629004|
000000140|000010460002|
000000140|000009835004|
000000140|000008474005|
000000140|000009843003|
000000140|000008771004|
000000140|000008376005|
000000140|000008522003|
000000140|000010269003|
000000140|000008494002|
000000140|000008486003|
000000140|000010265003|
000000140|000010261003|
000000140|000010392003|
000000140|000010629002|
000000140|000010368002|
000000140|000008353005|
000000140|000010623004|
000000140|000010633005|
000000140|000009851002|
000000140|000010368003|
000000140|000008522004|
000000140|000008474004|
000000140|000009733002|
000000140|000008486004|
000000140|000008522002|
000000140|000008478005|
000000140|000010466002|
000000140|000010623002|
000000140|000008771003|
000000140|000008771002|
000000140|000010466005|
000000140|000008478004|
000000140|000010400003|
000000140|000010629003|
000000140|000010400005|
000000140|000010155002|
000000140|000008353003|
000000140|000008482003|
000000146|000009733002|
000000147|000009733002|
000000147|000009733005|
000000148|000008474004|
000000148|000010633004|
000000148|000008376003|
000000148|000009835003|
000000148|000008353002|
000000148|000010629002|
000000148|000010392005|
000000148|000009835004|
000000148|000008376004|
000000148|000010629003|
000000148|000010629004|
000000148|000010623002|
000000148|000010623003|
000000148|000010396004|
000000148|000010623004|
000000148|000009733002|
000000148|000010155003|
000000148|000008376005|
000000148|000009835005|
000000148|000008353005|
000000148|000009835002|
000000148|000009240003|
000000148|000008482005|
000000148|000008376002|
000000148|000009851005|
000000148|000008771004|
000000148|000008474005|
000000148|000008478005|
000000148|000010261005|
000000148|000010265005|
000000148|000010269005|
000000148|000008494003|
000000148|000010466002|
000000148|000008486004|
000000148|000008490003|
000000148|000010466004|
000000148|000010396003|
000000148|000010633003|
000000148|000008522004|
000000148|000010466005|
000000148|000010368005|
000000148|000010460002|
000000148|000010368004|
000000148|000010400002|
000000148|000010400003|
000000148|000010368003|
000000148|000010400004|
000000148|000010368002|
000000148|000010633005|
000000148|000010400005|
000000148|000009851002|
000000148|000008482003|
000000148|000009843003|
000000148|000008482004|
000000148|000010392003|
000000148|000008771003|
000000148|000008353003|
000000148|000008522002|
000000148|000008494002|
000000148|000008490002|
000000148|000010269003|
000000148|000010265003|
000000148|000008771002|
000000148|000010261003|
000000148|000010155002|
000000148|000008478003|
000000148|000009240002|
000000148|000008486003|
000000148|000010633002|
000000154|000009733002|
000000158|000008482005|
000000158|000010261005|
000000158|000010392005|
000000158|000010466004|
000000158|000009851005|
000000158|000010633003|
000000158|000010623002|
000000158|000010368004|
000000158|000010265005|
000000158|000009240002|
000000158|000009835002|
000000158|000010155003|
000000158|000010466005|
000000158|000010466002|
000000158|000008474005|
000000158|000008494002|
000000158|000010629002|
000000158|000010269005|
000000158|000010629004|
000000158|000008376004|
000000158|000010155002|
000000158|000009843003|
000000158|000008771003|
000000158|000008771004|
000000158|000010396003|
000000158|000010368003|
000000158|000010629003|
000000158|000008522004|
000000158|000010392003|
000000158|000008482002|
000000158|000008353003|
000000158|000010633005|
000000158|000008486003|
000000158|000010261003|
000000158|000010265003|
000000158|000009733002|
000000158|000010269003|
000000158|000008353002|
000000158|000010633002|
000000158|000008474004|
000000158|000008353005|
000000158|000008771002|
000000158|000010623004|
000000158|000010633004|
000000158|000010368005|
000000158|000008482004|
000000158|000008478005|
000000158|000009851002|
000000158|000008376002|
000000158|000008376005|
000000158|000009240003|
000000158|000009835003|
000000158|000008490003|
000000158|000009835004|
000000158|000010368002|
000000158|000008486004|
000000158|000008490002|
000000158|000010400005|
000000158|000009835005|
000000158|000010400003|
000000158|000010400004|
000000158|000010400002|
000000158|000008482003|
000000158|000008494003|
000000158|000010460002|
000000158|000008478003|
000000158|000010396004|
000000158|000008376003|
000000158|000008522002|
000000158|000010623003|
000000159|000008522004|
000000159|000009835005|
000000159|000010400005|
000000159|000010155003|
000000159|000010396004|
000000159|000010623002|
000000159|000008482005|
000000159|000010633002|
000000159|000008353005|
000000159|000009851005|
000000159|000008474005|
000000159|000008478005|
000000159|000008376005|
000000159|000010633003|
000000159|000010623004|
000000159|000008482004|
000000159|000010261005|
000000159|000008376004|
000000159|000010265005|
000000159|000010269005|
000000159|000008771004|
000000159|000010368004|
000000159|000010466005|
000000159|000008486002|
000000159|000010368005|
000000159|000008490003|
000000159|000008486003|
000000159|000008376003|
000000159|000010623003|
000000159|000008478003|
000000159|000010466004|
000000159|000010460002|
000000159|000010396003|
000000159|000009835002|
000000159|000010629002|
000000159|000010392005|
000000159|000010633005|
000000159|000009843003|
000000159|000010261003|
000000159|000010265003|
000000159|000010269003|
000000159|000010633004|
000000159|000008494002|
000000159|000008486005|
000000159|000008522002|
000000159|000010629003|
000000159|000010155002|
000000159|000008353003|
000000159|000009835003|
000000159|000008771003|
000000159|000008474004|
000000159|000010629004|
000000159|000010629005|
000000159|000010400003|
000000159|000008376002|
000000159|000008771002|
000000159|000010368002|
000000159|000010400002|
000000159|000008353002|
000000159|000008486004|
000000159|000010400004|
000000159|000009733002|
000000159|000008494003|
000000165|000009733002|
000000166|000009733002|
000000167|000009733002|
000000168|000009733002|
000000230|000009733002|
000000230|000009733005|
000000231|000009733005|
000000231|000009733002|
000000238|000009733002|
000000238|000009733003|
000000239|000009733003|
000000239|000009733002|
000000240|000009733002|
000000240|000009733003|
000000241|000009733002|
000000241|000009733003|
000000242|000009733003|
000000242|000009733002|
000000284|000010623003|
000000284|000008494002|
000000284|000010629002|
000000284|000008771002|
000000284|000008353002|
000000284|000010261002|
000000284|000008522002|
000000284|000010269004|
000000284|000008376003|
000000284|000010629004|
000000284|000008478003|
000000284|000010265004|
000000284|000010629005|
000000284|000010269003|
000000284|000010396003|
000000284|000010392005|
000000284|000010265003|
000000284|000010261003|
000000284|000010396004|
000000284|000010269002|
000000284|000008474003|
000000284|000010633004|
000000284|000010155003|
000000284|000010261004|
000000284|000008522004|
000000284|000008494003|
000000284|000009843003|
000000284|000010368002|
000000284|000009835003|
000000284|000010368004|
000000284|000009733004|
000000284|000010400002|
000000284|000008771004|
000000284|000010466004|
000000284|000009733002|
000000284|000010400005|
000000284|000009835002|
000000284|000008353004|
000000284|000010466005|
000000284|000010368005|
000000284|000010265002|
000000284|000008486002|
000000284|000010629003|
000000284|000010460002|
000000284|000010400003|
000000284|000008376005|
000000284|000008486004|
000000284|000008482004|
000000284|000008474005|
000000284|000008771003|
000000284|000010623002|
000000284|000008482005|
000000284|000010633003|
000000284|000008486005|
000000284|000010400004|
000000284|000008376004|
000000284|000008486003|
000000284|000008353003|
000000284|000008522005|
000000284|000008376002|
000000284|000008474004|
000000284|000008478005|
000000284|000008490003|
000000284|000009835005|
000000284|000010155002|
000000284|000010623004|
000000284|000010633002|
000000284|000009851005|
000000284|000010261005|
000000284|000010265005|
000000284|000010269005|
000000284|000010633005|
000000284|000008353005|
000000300|000009835003|
000000300|000010400004|
000000300|000010265002|
000000300|000010400002|
000000300|000010396004|
000000300|000008771003|
000000300|000008486003|
000000300|000008376005|
000000300|000010623002|
000000300|000009843003|
000000300|000010368002|
000000300|000010265004|
000000300|000010269002|
000000300|000010400003|
000000300|000010368003|
000000300|000008522004|
000000300|000009835004|
000000300|000008353003|
000000300|000010629004|
000000300|000010392005|
000000300|000008494003|
000000300|000010392003|
000000300|000009835005|
000000300|000010629003|
000000300|000008482003|
000000300|000010155003|
000000300|000008494005|
000000300|000010633002|
000000300|000009851002|
000000300|000009255002|
000000300|000008490002|
000000300|000008494002|
000000300|000009851003|
000000300|000008522002|
000000300|000010269003|
000000300|000010265003|
000000300|000010261003|
000000300|000010155002|
000000300|000009851004|
000000300|000010629002|
000000300|000008478003|
000000300|000009835002|
000000300|000009255003|
000000300|000008376003|
000000300|000010633005|
000000300|000010396003|
000000300|000010466004|
000000300|000010633003|
000000300|000010623004|
000000300|000008771002|
000000300|000010623005|
000000300|000010466005|
000000300|000010368005|
000000300|000010261004|
000000300|000010269005|
000000300|000010460002|
000000300|000010460003|
000000300|000008486004|
000000300|000008376002|
000000300|000010460004|
000000300|000008490003|
000000300|000010368004|
000000300|000008474004|
000000300|000009733002|
000000300|000008771004|
000000300|000008494004|
000000300|000010265005|
000000300|000010261005|
000000300|000009851005|
000000300|000008376004|
000000300|000008482005|
000000300|000010623003|
000000300|000008478005|
000000300|000008482004|
000000300|000008353002|
000000300|000008474005|
000000300|000010261002|
000000300|000010466002|
000000300|000010269004|
000000300|000008353005|
000000300|000010633004|
000000300|000010400005|
000000301|000010261002|
000000301|000010400005|
000000301|000010155003|
000000301|000008353005|
000000301|000008376005|
000000301|000009733002|
000000301|000010623002|
000000301|000008771002|
000000301|000010629005|
000000301|000010629002|
000000301|000008478003|
000000301|000008376003|
000000301|000009835002|
000000301|000009851005|
000000301|000008482004|
000000301|000010400004|
000000301|000010265002|
000000301|000010368002|
000000301|000008482005|
000000301|000010396003|
000000301|000008771004|
000000301|000008486004|
000000301|000008478005|
000000301|000008353003|
000000301|000008376004|
000000301|000010460002|
000000301|000010633004|
000000301|000008474005|
000000301|000010269004|
000000301|000010633002|
000000301|000010396004|
000000301|000010261005|
000000301|000008486003|
000000301|000010265004|
000000301|000010155002|
000000301|000010269005|
000000301|000010265005|
000000301|000008353002|
000000301|000010629004|
000000301|000008522004|
000000301|000009835005|
000000301|000008486005|
000000301|000010269002|
000000301|000008494003|
000000301|000009843003|
000000301|000010466004|
000000301|000010400003|
000000301|000010392005|
000000301|000010400002|
000000301|000008522002|
000000301|000008494002|
000000301|000009835003|
000000301|000010633003|
000000301|000010623004|
000000301|000010629003|
000000301|000010368005|
000000301|000008474004|
000000301|000008771003|
000000301|000010261003|
000000301|000010265003|
000000301|000010368004|
000000301|000010633005|
000000301|000008486002|
000000301|000010466005|
000000301|000010261004|
000000301|000010623003|
000000301|000010269003|
000000301|000008490003|
000000301|000008376002|
000000303|000009733002|
000000305|000009733002|
000000306|000008478004|
000000306|000008482004|
000000306|000010633004|
000000306|000009240003|
000000306|000010392003|
000000306|000010396004|
000000306|000008478003|
000000306|000009843003|
000000306|000010623004|
000000306|000010629004|
000000306|000008486004|
000000306|000010460002|
000000306|000010396003|
000000306|000008353002|
000000306|000009835002|
000000306|000010368004|
000000306|000010466005|
000000306|000009851005|
000000306|000008771002|
000000306|000008478005|
000000306|000010155003|
000000306|000008474005|
000000306|000010623002|
000000306|000008376005|
000000306|000008522004|
000000306|000009733002|
000000306|000010633005|
000000306|000010368002|
000000306|000009835004|
000000306|000008482003|
000000306|000010368003|
000000306|000008490002|
000000306|000009835005|
000000306|000010269005|
000000306|000010265005|
000000306|000010466002|
000000306|000010623003|
000000306|000010261005|
000000306|000010269002|
000000306|000010265002|
000000306|000010261002|
000000306|000010261004|
000000306|000010265004|
000000306|000010466004|
000000306|000010269004|
000000306|000008478002|
000000306|000008376004|
000000306|000008522003|
000000306|000008771004|
000000306|000010629002|
000000306|000010400004|
000000306|000010400003|
000000306|000009835003|
000000306|000008376003|
000000306|000008353005|
000000306|000010392005|
000000306|000009240002|
000000306|000010400002|
000000306|000008482005|
000000306|000008353003|
000000306|000008376002|
000000306|000008474004|
000000306|000008771003|
000000306|000010400005|
000000306|000009851002|
000000306|000010155002|
000000306|000008486003|
000000306|000008494002|
000000306|000008522002|
000000306|000010261003|
000000306|000010265003|
000000306|000010269003|
000000306|000010633002|
000000306|000010629003|
000000306|000010368005|
000000306|000008494003|
000000306|000008490003|
000000306|000010633003|
000000308|000010623002|
000000308|000008771004|
000000308|000009843003|
000000308|000008474004|
000000308|000010269002|
000000308|000008478003|
000000308|000008353002|
000000308|000010396004|
000000308|000010633002|
000000308|000010368004|
000000308|000010466005|
000000308|000010269004|
000000308|000008486002|
000000308|000010400004|
000000308|000010623004|
000000308|000010261002|
000000308|000010400003|
000000308|000009733002|
000000308|000010400005|
000000308|000010265004|
000000308|000010623003|
000000308|000010633005|
000000308|000010269005|
000000308|000010400002|
000000308|000010368002|
000000308|000008474005|
000000308|000008478005|
000000308|000010629003|
000000308|000010261003|
000000308|000010396003|
000000308|000010633003|
000000308|000010629002|
000000308|000008353003|
000000308|000008376004|
000000308|000010265003|
000000308|000008486003|
000000308|000008494002|
000000308|000008522002|
000000308|000008771003|
000000308|000009851005|
000000308|000010633004|
000000308|000010155002|
000000308|000010261005|
000000308|000010629004|
000000308|000010368005|
000000308|000010265005|
000000308|000008376003|
000000308|000008771002|
000000308|000010629005|
000000308|000010466004|
000000308|000008522004|
000000308|000008494003|
000000308|000009835003|
000000308|000008353005|
000000308|000008376005|
000000308|000008482004|
000000308|000008486004|
000000308|000008486005|
000000308|000010460002|
000000308|000008376002|
000000308|000010261004|
000000308|000009835005|
000000308|000008482005|
000000308|000008490003|
000000308|000009835002|
000000308|000010269003|
000000308|000010265002|
000000308|000010392005|
000000308|000010155003|
000000310|000009733002|
000000311|000009733002|
000000315|000009733002|
000000318|000009733002|
000000321|000009733002|
000000322|000009733002|
000000323|000009733002|
000000324|000009733002|
000000325|000009733002|
000000326|000009733002|
000000358|000009733002|
000000375|000009493003|
000000375|000010356003|
000000375|000009485003|
000000375|000009777005|
000000375|000010356002|
000000375|000009485002|
000000375|000010360005|
000000375|000009777004|
000000375|000010364002|
000000375|000009777003|
000000375|000009493002|
000000375|000010348003|
000000375|000010348002|
000000375|000010360004|
000000375|000010364004|
000000375|000010352004|
000000375|000010348004|
000000375|000010364003|
000000375|000010352003|
000000375|000010348005|
000000375|000010352005|
000000375|000010356005|
000000375|000010352002|
000000375|000010360003|
000000375|000010364005|
000000375|000009777002|
000000375|000010356004|
000000376|000010364002|
000000376|000010356005|
000000376|000010360005|
000000376|000010352003|
000000376|000010352004|
000000376|000010352005|
000000376|000009777002|
000000376|000010352002|
000000376|000009777004|
000000376|000010348002|
000000376|000010348004|
000000376|000010348005|
000000376|000009485003|
000000376|000010364003|
000000376|000009493003|
000000376|000009777005|
000000376|000010360003|
000000376|000010356004|
000000376|000010356003|
000000376|000009777003|
000000376|000010348003|
000000376|000009485002|
000000376|000009493002|
000000376|000010360004|
000000376|000010356002|
000000376|000010364005|
000000376|000010364004|
000000379|000010364004|
000000379|000010356005|
000000379|000010356004|
000000379|000010364002|
000000379|000010348003|
000000379|000009777004|
000000379|000010356003|
000000379|000010348005|
000000379|000009777003|
000000379|000009485002|
000000379|000010360003|
000000379|000010356002|
000000379|000009777002|
000000379|000010348002|
000000379|000009485003|
000000379|000010360005|
000000379|000010364005|
000000379|000010348004|
000000379|000010352003|
000000379|000009777005|
000000379|000010360004|
000000379|000010364003|
000000379|000010352002|
000000399|000009485002|
000000399|000010364002|
000000399|000009485003|
000000399|000010364004|
000000399|000010356003|
000000399|000010348005|
000000399|000010352002|
000000399|000010352003|
000000399|000010364005|
000000399|000010360003|
000000399|000010364003|
000000399|000009777004|
000000399|000010348002|
000000399|000009777003|
000000399|000010360005|
000000399|000009777002|
000000399|000010348004|
000000399|000010348003|
000000399|000010356004|
000000399|000010356005|
000000399|000010356002|
000000399|000009777005|
000000399|000010360004|
000000400|000010348005|
000000400|000009777002|
000000400|000010364004|
000000400|000010352002|
000000400|000010356005|
000000400|000010356004|
000000400|000010356002|
000000400|000010352003|
000000400|000010348002|
000000400|000010348004|
000000400|000010364003|
000000400|000010348003|
000000400|000010360002|
000000400|000010364002|
000000400|000009777005|
000000400|000010360004|
000000400|000010364005|
000000402|000009839005|
000000402|000008442002|
000000402|000009983004|
000000402|000008811002|
000000402|000008815005|
000000402|000009983002|
000000402|000008442005|
000000402|000009839003|
000000402|000009983003|
000000402|000008815003|
000000402|000008442003|
000000402|000008815004|
000000402|000008811005|
000000402|000008815002|
000000402|000008811003|
000000402|000009983005|
000000402|000008811004|
000000402|000008442004|
000000404|000009983004|
000000404|000008811003|
000000404|000008442005|
000000404|000008442002|
000000404|000009839003|
000000404|000009983005|
000000404|000008811005|
000000404|000009636003|
000000404|000008811002|
000000404|000008442004|
000000404|000008442003|
000000404|000009983002|
000000404|000008811004|
000000404|000009983003|
000000405|000009983002|
000000405|000008811003|
000000405|000009636002|
000000405|000008811002|
000000405|000008442004|
000000405|000008442005|
000000405|000009983003|
000000405|000009983005|
000000405|000008811004|
000000405|000008442003|
000000405|000008811005|
000000405|000009839003|
000000405|000009983004|
000000405|000008442002|
000000428|000008811004|
000000428|000008811002|
000000428|000008811005|
000000428|000009983002|
000000428|000008442002|
000000428|000008442003|
000000428|000008811003|
000000428|000009983005|
000000428|000008442005|
000000428|000008442004|
000000428|000009983003|
000000428|000009983004|
000000428|000009839003|
000000460|000008421005|
000000460|000008421003|
000000460|000008404004|
000000460|000008408002|
000000460|000008404002|
000000460|000008412004|
000000460|000008348005|
000000460|000009737005|
000000460|000010147003|
000000460|000010147004|
000000460|000008408003|
000000460|000008408004|
000000460|000010147002|
000000460|000008348004|
000000460|000008421002|
000000460|000008348002|
000000460|000008404005|
000000460|000008348003|
000000460|000008412003|
000000460|000008421004|
000000460|000008417005|
000000460|000008412002|
000000460|000008408005|
000000460|000008404003|
000000460|000008412005|
000000460|000008417002|
000000463|000008408003|
000000463|000008412003|
000000463|000008417003|
000000463|000010147002|
000000463|000008408002|
000000463|000008421003|
000000463|000008417002|
000000463|000008421004|
000000463|000008412002|
000000463|000008348002|
000000463|000008408004|
000000463|000008348003|
000000463|000009737005|
000000463|000009476002|
000000463|000009724002|
000000463|000008421005|
000000463|000008412005|
000000463|000008408005|
000000463|000008412004|
000000463|000008348005|
000000463|000008417005|
000000463|000008348004|
000000463|000010147004|
000000463|000009476003|
000000463|000009724003|
000000463|000008421002|
000000463|000008417004|
000000463|000010147003|
000000465|000008404004|
000000465|000008348002|
000000465|000010147004|
000000465|000010147003|
000000465|000008348003|
000000465|000008421004|
000000465|000008404005|
000000465|000008417005|
000000465|000008404002|
000000465|000008412004|
000000465|000008408004|
000000465|000008421005|
000000465|000008412003|
000000465|000008348005|
000000465|000008421003|
000000465|000010147002|
000000465|000009737005|
000000465|000008348004|
000000465|000008408002|
000000465|000008412005|
000000465|000008412002|
000000465|000008417002|
000000465|000008404003|
000000465|000008408003|
000000465|000008421002|
000000465|000008408005|
000000479|000009690002|
000000493|000010147005|
000000499|000008412004|
000000499|000008421004|
000000499|000008408002|
000000499|000008412002|
000000499|000008421005|
000000499|000008348004|
000000499|000008421003|
000000499|000010147003|
000000499|000008408004|
000000499|000008412005|
000000499|000008348003|
000000499|000008408005|
000000499|000008348002|
000000499|000010147004|
000000499|000008417005|
000000499|000008417002|
000000499|000009737005|
000000499|000008348005|
000000499|000008408003|
000000499|000008412003|
000000499|000010147002|
000000507|000009724002|
000000507|000009724003|
000000507|000009067005|
000000507|000009084004|
000000507|000009827003|
000000507|000009067002|
000000507|000009075004|
000000507|000009067003|
000000507|000009079005|
000000507|000009079003|
000000507|000009476003|
000000507|000009084002|
000000507|000009067004|
000000507|000009084003|
000000507|000009084005|
000000507|000009827005|
000000507|000009075003|
000000507|000009476002|
000000507|000009075002|
000000507|000009075005|
000000508|000009067004|
000000508|000009079003|
000000508|000009071003|
000000508|000009084002|
000000508|000009084004|
000000508|000009084005|
000000508|000009827005|
000000508|000009067003|
000000508|000009067002|
000000508|000009067005|
000000508|000009460003|
000000508|000009071005|
000000508|000009460002|
000000508|000009084003|
000000508|000009079005|
000000508|000009071002|
000000508|000009071004|
000000508|000009827003|
000000509|000009084004|
000000509|000009071003|
000000509|000009079005|
000000509|000009084002|
000000509|000009827005|
000000509|000009067004|
000000509|000009071005|
000000509|000009067003|
000000509|000009067002|
000000509|000009079003|
000000509|000009084005|
000000509|000009827003|
000000509|000009084003|
000000509|000009071004|
000000509|000009067005|
000000509|000009071002|
000000509|000009460002|
000000509|000009460003|
000000510|000009071003|
000000510|000009084003|
000000510|000009067005|
000000510|000009460002|
000000510|000009067003|
000000510|000009067004|
000000510|000009079003|
000000510|000009071005|
000000510|000009079005|
000000510|000009071004|
000000510|000009084005|
000000510|000009827005|
000000510|000009827003|
000000510|000009071002|
000000510|000009084002|
000000510|000009067002|
000000510|000009084004|
000000510|000009460003|
000000523|000008554002|
000000523|000008543002|
000000523|000008550002|
000000523|000008543003|
000000523|000008372004|
000000523|000008372005|
000000523|000008550004|
000000523|000008550005|
000000523|000009588002|
000000523|000008554003|
000000523|000009749003|
000000523|000008554004|
000000523|000008372003|
000000523|000008372002|
000000523|000009749005|
000000523|000008550003|
000000523|000009749004|
000000523|000009749002|
000000523|000008554005|
000000524|000008554002|
000000524|000009749003|
000000524|000008372003|
000000524|000008543003|
000000524|000008372004|
000000524|000009749005|
000000524|000008372002|
000000524|000009749004|
000000524|000008554004|
000000524|000008372005|
000000524|000008554005|
000000524|000008543002|
000000524|000008554003|
000000533|000008372005|
000000533|000009749005|
000000533|000008554005|
000000533|000008554004|
000000533|000008372004|
000000533|000009749003|
000000533|000009749004|
000000533|000008554003|
000000533|000008372003|
000000533|000009749002|
000000533|000008554002|
000000533|000008372002|
000000533|000008543002|
000000533|000008543003|
000000577|000009899002|
000000577|000009325003|
000000577|000009911003|
000000577|000009927003|
000000577|000009911005|
000000577|000009927004|
000000577|000009769003|
000000577|000009334003|
000000577|000009899004|
000000577|000009927002|
000000577|000009927005|
000000577|000009899003|
000000577|000009334002|
000000577|000009911002|
000000577|000009769005|
000000577|000009911004|
000000580|000009927002|
000000580|000009325003|
000000580|000009927003|
000000580|000009903003|
000000580|000009769005|
000000580|000009927004|
000000580|000009899004|
000000580|000009334003|
000000580|000009911002|
000000580|000009769003|
000000580|000009903002|
000000580|000009899002|
000000580|000009903005|
000000580|000009911005|
000000580|000009927005|
000000580|000009334002|
000000580|000009911003|
000000580|000009899003|
000000580|000009911004|
000000582|000009334003|
000000582|000009923002|
000000582|000009769002|
000000582|000009911004|
000000582|000009923004|
000000582|000009911005|
000000582|000009899002|
000000582|000009899003|
000000582|000009334002|
000000582|000009911002|
000000582|000009923003|
000000582|000009923005|
000000582|000009325003|
000000582|000009325002|
000000582|000009911003|
000000582|000009899005|
000000582|000009769004|
000000582|000009919002|
000000582|000009899004|
000000582|000009769005|
000000582|000009769003|
000000583|000009325003|
000000583|000009899003|
000000583|000009923002|
000000583|000009899004|
000000583|000009769003|
000000583|000009769005|
000000583|000009903002|
000000583|000009911002|
000000583|000009899005|
000000583|000009334002|
000000583|000009899002|
000000583|000009911005|
000000583|000009923005|
000000583|000009903003|
000000583|000009325002|
000000583|000009923003|
000000583|000009911003|
000000583|000009903005|
000000583|000009769004|
000000583|000009334003|
000000583|000009911004|
000000583|000009903004|
000000583|000009919002|
000000583|000009769002|
000000583|000009923004|
000000585|000009911003|
000000585|000009334003|
000000585|000009923004|
000000585|000009325003|
000000585|000009899004|
000000585|000009769005|
000000585|000009899003|
000000585|000009325002|
000000585|000009911004|
000000585|000009911005|
000000585|000009911002|
000000585|000009769004|
000000585|000009769003|
000000585|000009899005|
000000585|000009923003|
000000585|000009769002|
000000585|000009899002|
000000585|000009923002|
000000585|000009919003|
000000585|000009923005|
000000585|000009334002|
000000588|000009923005|
000000588|000009769003|
000000588|000009899003|
000000588|000009769002|
000000588|000009907005|
000000588|000009923002|
000000588|000009899004|
000000588|000009899005|
000000588|000009911005|
000000588|000009911002|
000000588|000009769004|
000000588|000009769005|
000000588|000009342002|
000000588|000009342003|
000000588|000009899002|
000000588|000009923003|
000000588|000009911004|
000000588|000009907002|
000000588|000009911003|
000000588|000009907003|
000000588|000009907004|
000000588|000009923004|
000000634|000010588004|
000000634|000010576002|
000000634|000009781002|
000000634|000009781003|
000000634|000010574002|
000000634|000009425002|
000000634|000009425003|
000000634|000010588002|
000000634|000009433002|
000000634|000009781005|
000000634|000010588003|
000000634|000010574003|
000000634|000010576004|
000000634|000010588005|
000000634|000010576003|
000000634|000009433003|
000000634|000010576005|
000000639|000010576003|
000000639|000009425002|
000000639|000009441003|
000000639|000009441002|
000000639|000010576002|
000000639|000010574004|
000000639|000010580002|
000000639|000009781002|
000000639|000010580004|
000000639|000010580003|
000000639|000009781005|
000000639|000010580005|
000000639|000010576005|
000000639|000010576004|
000000639|000009425003|
000000639|000010574002|
000000639|000009781003|
000000641|000010576004|
000000641|000010576003|
000000641|000009781003|
000000641|000010584003|
000000641|000010574002|
000000641|000010584004|
000000641|000009781005|
000000641|000010574005|
000000641|000010576002|
000000641|000009781002|
000000641|000009425003|
000000641|000010576005|
000000641|000010584002|
000000641|000009450002|
000000641|000009450003|
000000641|000010584005|
000000641|000009425002|
000000652|000009781005|
000000652|000009781002|
000000652|000010574002|
000000652|000010576004|
000000652|000010576003|
000000652|000009781003|
000000652|000010576002|
000000680|000009865003|
000000680|000009865004|
000000680|000009857005|
000000680|000008380002|
000000680|000009865002|
000000680|000008380005|
000000680|000008380004|
000000680|000008380003|
000000680|000009865005|
000000716|000009857003|
000000716|000009380003|
000000716|000009869004|
000000716|000009857005|
000000716|000009380002|
000000716|000009857004|
000000716|000009861005|
000000716|000008380005|
000000716|000008380003|
000000716|000009869005|
000000716|000008380002|
000000716|000009861004|
000000716|000009861002|
000000716|000009389003|
000000716|000009869002|
000000716|000009389002|
000000716|000008380004|
000000716|000009801005|
000000716|000009857002|
000000716|000009869003|
000000719|000009861004|
000000719|000008380005|
000000719|000009857003|
000000719|000009869004|
000000719|000009861002|
000000719|000009861005|
000000719|000009801004|
000000719|000009857005|
000000719|000009869005|
000000719|000009801003|
000000719|000009801002|
000000719|000009857002|
000000719|000009801005|
000000719|000008380004|
000000719|000009389003|
000000719|000009389002|
000000719|000009869003|
000000719|000009869002|
000000719|000009857004|
000000719|000008380003|
000000719|000008380002|
000000839|000008385003|
000000839|000009745003|
000000839|000008385004|
000000839|000009298002|
000000839|000008564002|
000000839|000008572005|
000000839|000008564003|
000000839|000009745005|
000000839|000008564004|
000000839|000008568002|
000000839|000008568005|
000000839|000008572002|
000000839|000008385005|
000000839|000009281002|
000000839|000008564005|
000000839|000008572004|
000000839|000009745004|
000000839|000009298003|
000000839|000008385002|
000000839|000008568004|
000000839|000009281003|
000000839|000008572003|
000000839|000008568003|
000000840|000008564004|
000000840|000009298002|
000000840|000008572005|
000000840|000008568004|
000000840|000008564002|
000000840|000008572004|
000000840|000009745004|
000000840|000008564005|
000000840|000008568005|
000000840|000008564003|
000000840|000008385002|
000000840|000008568002|
000000840|000008572002|
000000840|000008385005|
000000840|000008568003|
000000840|000009281003|
000000840|000009298003|
000000840|000008572003|
000000840|000008385003|
000000840|000009281002|
000000840|000008385004|
000000840|000009745003|
000000846|000008385005|
000000846|000008564003|
000000846|000008568002|
000000846|000008572003|
000000846|000008564004|
000000846|000008572005|
000000846|000009745004|
000000846|000008385004|
000000846|000008568004|
000000846|000008572004|
000000846|000008385002|
000000846|000008572002|
000000846|000008568003|
000000846|000009745002|
000000846|000008564002|
000000846|000008568005|
000000846|000008564005|
000000846|000008385003|
000000855|000010502002|
000000855|000010506004|
000000855|000010506003|
000000855|000010506002|
000000855|000009761003|
000000855|000010502005|
000000855|000009761002|
000000855|000010493003|
000000855|000010506005|
000000855|000010493002|
000000855|000010493005|
000000855|000009761005|
000000855|000010497002|
000000855|000010493004|
000000855|000010497003|
000000855|000010497004|
000000855|000010502003|
000000855|000010502004|
000000855|000010497005|
000000856|000009761005|
000000856|000010502004|
000000856|000010493005|
000000856|000010493003|
000000856|000010497004|
000000856|000010497002|
000000856|000010506004|
000000856|000010502005|
000000856|000010506005|
000000856|000009761002|
000000856|000010493002|
000000856|000010497005|
000000856|000010497003|
000000856|000009761003|
000000856|000010493004|
000000856|000010502002|
000000856|000010502003|
000000856|000010506002|
000000856|000010506003|
000000857|000010497004|
000000857|000010506005|
000000857|000010493002|
000000857|000010502002|
000000857|000010493003|
000000857|000009761005|
000000857|000010497002|
000000857|000010506002|
000000857|000009761002|
000000857|000010502004|
000000857|000010493004|
000000857|000010493005|
000000857|000009761003|
000000857|000010502005|
000000857|000010506004|
000000857|000010497003|
000000857|000010497005|
000000857|000010502003|
000000857|000010506003|
000000858|000010506004|
000000858|000010493002|
000000858|000010493003|
000000858|000009761003|
000000858|000010493005|
000000858|000010506002|
000000858|000010497003|
000000858|000009761005|
000000858|000010506005|
000000858|000010497005|
000000858|000009761002|
000000858|000010502002|
000000858|000010506003|
000000858|000010497004|
000000858|000010497002|
000000858|000010502005|
000000858|000010502004|
000000858|000010502003|
000000858|000010493004|
000000859|000010506003|
000000859|000010493005|
000000859|000009761002|
000000859|000010506004|
000000859|000010506002|
000000859|000010497005|
000000859|000010493003|
000000859|000010497002|
000000859|000010493004|
000000859|000010502002|
000000859|000010497004|
000000859|000009761005|
000000859|000010502005|
000000859|000010502003|
000000859|000010506005|
000000859|000009761003|
000000859|000010502004|
000000859|000010497003|
000000859|000010493002|
000000861|000010497005|
000000861|000009761002|
000000861|000010502002|
000000861|000010493004|
000000861|000010493002|
000000861|000010497004|
000000861|000010502003|
000000861|000010506004|
000000861|000010493003|
000000861|000009761003|
000000861|000010502005|
000000861|000010493005|
000000861|000010502004|
000000861|000010497002|
000000861|000010506002|
000000861|000010497003|
000000861|000009761005|
000000861|000010506005|
000000861|000010506003|
000000862|000010497004|
000000862|000010493003|
000000862|000010502005|
000000862|000010497005|
000000862|000010502002|
000000862|000010506005|
000000862|000010493002|
000000862|000010506004|
000000862|000010502004|
000000862|000009761003|
000000862|000009761002|
000000862|000010493004|
000000862|000010506002|
000000862|000009761005|
000000862|000010497002|
000000862|000010493005|
000000862|000010502003|
000000862|000010497003|
000000862|000010506003|
000000863|000010502003|
000000863|000010502005|
000000863|000010502002|
000000863|000010506002|
000000863|000010497002|
000000863|000010497005|
000000863|000009761003|
000000863|000010506003|
000000863|000009761002|
000000863|000010502004|
000000863|000010493003|
000000863|000010506005|
000000863|000010493002|
000000863|000010493005|
000000863|000010497004|
000000863|000010497003|
000000863|000009761005|
000000863|000010506004|
000000863|000010493004|
000000864|000010502002|
000000864|000009761002|
000000864|000009761005|
000000864|000010502004|
000000864|000010506005|
000000864|000010502005|
000000864|000010506002|
000000864|000010493002|
000000864|000010497004|
000000864|000010493003|
000000864|000010493004|
000000864|000010497003|
000000864|000010497002|
000000864|000010497005|
000000864|000010502003|
000000864|000010506003|
000000864|000010493005|
000000864|000009761003|
000000864|000010506004|
000000865|000010497004|
000000865|000009761002|
000000865|000010502002|
000000865|000010493003|
000000865|000010493004|
000000865|000010506005|
000000865|000010506003|
000000865|000010502005|
000000865|000010497003|
000000865|000010493005|
000000865|000010506002|
000000865|000009761003|
000000865|000009761005|
000000865|000010497005|
000000865|000010502004|
000000865|000010493002|
000000865|000010497002|
000000865|000010502003|
000000865|000010506004|
000000866|000010506003|
000000866|000010497003|
000000866|000010506005|
000000866|000010502004|
000000866|000010506004|
000000866|000010497002|
000000866|000010493005|
000000866|000010493004|
000000866|000010493002|
000000866|000010502003|
000000866|000010497004|
000000866|000009761002|
000000866|000009761005|
000000866|000010497005|
000000866|000009761003|
000000866|000010502002|
000000866|000010506002|
000000866|000010502005|
000000866|000010493003|
000000870|000009757005|
000000871|000009757002|
000000872|000009757004|
000000873|000009757003|
000000877|000009130005|
000000877|000009130004|
000000877|000009126005|
000000877|000009130003|
000000877|000009134003|
000000877|000009134002|
000000877|000009130002|
000000877|000009126004|
000000877|000009138002|
000000877|000009138004|
000000877|000009134004|
000000877|000009134005|
000000882|000009753005|
000000883|000009753002|
000000883|000009753004|
000000883|000009753003|
000000884|000009753002|
000000884|000009753003|
000000884|000009753004|
000000889|000009380003|
000000889|000009869005|
000000889|000009389002|
000000889|000009389003|
000000889|000009869003|
000000889|000009869004|
000000889|000009380002|
000000899|000009037003|
000000899|000009037002|
000000899|000009033002|
000000899|000009037005|
000000899|000009037004|
000000899|000009033004|
000000899|000009033003|
000000899|000009831003|
000000899|000008470003|
000000899|000008470002|
000000899|000009308002|
000000899|000009308003|
000000899|000009029002|
000000899|000008470004|
000000899|000009831002|
000000899|000009831005|
000000899|000009831004|
000000899|000009033005|
000000899|000009029005|
000000899|000008470005|
000000900|000009037003|
000000900|000008470002|
000000900|000008470003|
000000900|000009033004|
000000900|000009033003|
000000900|000009831004|
000000900|000009037005|
000000900|000009308002|
000000900|000008470004|
000000900|000009831005|
000000900|000009033002|
000000900|000009308003|
000000900|000009037004|
000000900|000009029002|
000000900|000009831002|
000000900|000009831003|
000000901|000008470002|
000000901|000009308002|
000000901|000009037003|
000000901|000009831004|
000000901|000009033004|
000000901|000008470004|
000000901|000009033003|
000000901|000009037005|
000000901|000009831005|
000000901|000009037004|
000000901|000009033002|
000000901|000009308003|
000000901|000009831002|
000000901|000008470003|
000000901|000009831003|
000000901|000009029002|
000000902|000009831004|
000000902|000009308002|
000000902|000009037003|
000000902|000009029002|
000000902|000009033003|
000000902|000009831002|
000000902|000008470002|
000000902|000009037005|
000000902|000009033004|
000000902|000009831003|
000000902|000009831005|
000000902|000008470004|
000000902|000008470003|
000000902|000009037004|
000000902|000009308003|
000000902|000009033002|
000000929|000009503002|
000000929|000010151003|
000000929|000008985004|
000000929|000008985005|
000000929|000008964002|
000000929|000009773003|
000000929|000010151002|
000000929|000008976002|
000000929|000008960004|
000000929|000009503003|
000000929|000008964004|
000000929|000008960003|
000000929|000008964003|
000000929|000009773005|
000000929|000008972005|
000000929|000008968005|
000000929|000008972003|
000000929|000008976004|
000000929|000008976003|
000000929|000009773004|
000000929|000008960002|
000000929|000008985002|
000000929|000008960005|
000000929|000008968004|
000000929|000008972002|
000000929|000008976005|
000000929|000009773002|
000000929|000008968002|
000000929|000008964005|
000000929|000008968003|
000000930|000008985004|
000000930|000008964002|
000000930|000008976004|
000000930|000009773003|
000000930|000008960005|
000000930|000010151003|
000000930|000009503003|
000000930|000008968005|
000000930|000009503002|
000000930|000008964004|
000000930|000008985002|
000000930|000008985005|
000000930|000008964005|
000000930|000009773004|
000000930|000008968004|
000000930|000008976003|
000000930|000008976002|
000000930|000009773002|
000000930|000008972005|
000000930|000008960002|
000000930|000008972002|
000000930|000008960004|
000000930|000009520003|
000000930|000008976005|
000000930|000009773005|
000000930|000010151002|
000000930|000008968002|
000000930|000008960003|
000000930|000009520002|
000000930|000008968003|
000000931|000010151003|
000000931|000008985005|
000000931|000008985002|
000000931|000010151002|
000000931|000008960004|
000000931|000008960003|
000000931|000008968002|
000000931|000008985004|
000000931|000008976004|
000000931|000008972002|
000000931|000008968005|
000000931|000008976005|
000000931|000008968003|
000000931|000009773002|
000000931|000008968004|
000000931|000008960002|
000000931|000008972005|
000000932|000008968002|
000000932|000008985005|
000000932|000008357005|
000000932|000008976005|
000000932|000009773003|
000000932|000008972003|
000000932|000008985002|
000000932|000010151003|
000000932|000008972002|
000000932|000008960004|
000000932|000008972005|
000000932|000010151002|
000000932|000009773002|
000000932|000009503003|
000000932|000009503002|
000000932|000008960002|
000000932|000008968005|
000000932|000008968004|
000000932|000008960003|
000000932|000008985004|
000000932|000008968003|
000000932|000008960005|
000000932|000008964003|
000000932|000008976002|
000000932|000008976004|
000000933|000008968005|
000000933|000008976005|
000000933|000008972002|
000000933|000008964005|
000000933|000008964004|
000000933|000008968004|
000000933|000008960005|
000000933|000008968003|
000000933|000008976003|
000000933|000008985002|
000000933|000008357002|
000000933|000008972005|
000000933|000008972003|
000000933|000009503002|
000000933|000008964003|
000000933|000008976004|
000000933|000008976002|
000000933|000008985004|
000000933|000009773004|
000000933|000009503003|
000000933|000008985005|
000000933|000009773003|
000000933|000008964002|
000000933|000008968002|
000000933|000008960004|
000000933|000010151002|
000000933|000008960003|
000000933|000010151003|
000000933|000009773005|
000000933|000008960002|
000000933|000009773002|
000000934|000010151003|
000000934|000009773003|
000000934|000008976002|
000000934|000008972003|
000000934|000008976005|
000000934|000008964002|
000000934|000008968002|
000000934|000008985004|
000000934|000009773005|
000000934|000008985005|
000000934|000008968003|
000000934|000008972002|
000000934|000008976004|
000000934|000009503002|
000000934|000008964004|
000000934|000008985002|
000000934|000008972005|
000000934|000008968005|
000000934|000008964005|
000000934|000008357004|
000000934|000008960005|
000000934|000008976003|
000000934|000009773002|
000000934|000008968004|
000000934|000008964003|
000000934|000008960003|
000000934|000009773004|
000000934|000008960004|
000000934|000009503003|
000000934|000008960002|
000000934|000010151002|
000000935|000008985005|
000000935|000008976005|
000000935|000009773003|
000000935|000008960003|
000000935|000010151003|
000000935|000008968005|
000000935|000008960005|
000000935|000008964003|
000000935|000008972002|
000000935|000009773002|
000000935|000008960004|
000000935|000008968004|
000000935|000008968003|
000000935|000009503002|
000000935|000008976004|
000000935|000008985004|
000000935|000010151002|
000000935|000008968002|
000000935|000008976002|
000000935|000009503003|
000000935|000008357003|
000000935|000008985002|
000000935|000008960002|
000000935|000008972003|
000000935|000008972005|
000000936|000009503002|
000000936|000008981003|
000000936|000008976005|
000000936|000008964004|
000000936|000008960002|
000000936|000008976004|
000000936|000008985002|
000000936|000008981002|
000000936|000008960003|
000000936|000008972005|
000000936|000009503003|
000000936|000008976003|
000000936|000009773005|
000000936|000009512003|
000000936|000008985005|
000000936|000008960004|
000000936|000008968005|
000000936|000008985004|
000000936|000009512002|
000000936|000008968004|
000000936|000008964002|
000000936|000008981005|
000000936|000008964005|
000000936|000008981004|
000000936|000008972002|
000000936|000008968002|
000000936|000009773004|
000000936|000010151002|
000000936|000010151003|
000000936|000009773002|
000000936|000008968003|
000000937|000008968002|
000000937|000008968004|
000000937|000008972005|
000000937|000010151002|
000000937|000010151005|
000000937|000008985005|
000000937|000008960003|
000000937|000008976004|
000000937|000008960002|
000000937|000008985004|
000000937|000008976005|
000000937|000008968003|
000000937|000008968005|
000000937|000008960004|
000000937|000010151003|
000000937|000008972002|
000000937|000009773002|
000000937|000008985002|
000000938|000008968003|
000000938|000009773002|
000000938|000008968002|
000000938|000009503002|
000000938|000008976003|
000000938|000008960003|
000000938|000010151004|
000000938|000009773005|
000000938|000008985004|
000000938|000008976005|
000000938|000008976004|
000000938|000008964002|
000000938|000008985005|
000000938|000008972005|
000000938|000008985002|
000000938|000010151003|
000000938|000008960004|
000000938|000008968004|
000000938|000008960002|
000000938|000010151002|
000000938|000009503003|
000000938|000008968005|
000000938|000008964004|
000000938|000008964005|
000000938|000009773004|
000000938|000008972002|
000000939|000009503003|
000000939|000009503002|
000000939|000008985005|
000000939|000008968002|
000000939|000010151002|
000000939|000008972005|
000000939|000008964004|
000000939|000008985002|
000000939|000008964005|
000000939|000008960003|
000000939|000008960002|
000000939|000009773004|
000000939|000010151004|
000000939|000008964002|
000000939|000010151003|
000000939|000008968003|
000000939|000008985004|
000000939|000009773005|
000000939|000009773002|
000000939|000009520002|
000000939|000008976004|
000000939|000008968005|
000000939|000008976005|
000000939|000008976003|
000000939|000008972002|
000000939|000009520003|
000000939|000008960004|
000000939|000008968004|
000000940|000008972005|
000000940|000008976005|
000000940|000008968003|
000000940|000008960002|
000000940|000010151003|
000000940|000008985005|
000000940|000008972002|
000000940|000008985004|
000000940|000008968004|
000000940|000008976004|
000000940|000008968005|
000000940|000008960004|
000000940|000009773002|
000000940|000010151002|
000000940|000010151004|
000000940|000008985002|
000000940|000008960003|
000000940|000008968002|
000000941|000008985004|
000000941|000010151002|
000000941|000008960004|
000000941|000009503002|
000000941|000008968002|
000000941|000009773005|
000000941|000008357002|
000000941|000008985005|
000000941|000008960002|
000000941|000008964004|
000000941|000010151004|
000000941|000008964002|
000000941|000008985002|
000000941|000008976005|
000000941|000010151003|
000000941|000008972002|
000000941|000008972005|
000000941|000009503003|
000000941|000008968004|
000000941|000008968005|
000000941|000008968003|
000000941|000008976004|
000000941|000008964005|
000000941|000008960003|
000000941|000009773004|
000000941|000008976003|
000000941|000009773002|
000000942|000008357004|
000000942|000008985004|
000000942|000008964002|
000000942|000008985005|
000000942|000010151003|
000000942|000010151004|
000000942|000008976005|
000000942|000008976003|
000000942|000008972005|
000000942|000009503002|
000000942|000008968005|
000000942|000008964005|
000000942|000008964004|
000000942|000008976004|
000000942|000008960002|
000000942|000010151002|
000000942|000009773005|
000000942|000008968003|
000000942|000009503003|
000000942|000008968002|
000000942|000008972002|
000000942|000008985002|
000000942|000008968004|
000000942|000009773004|
000000942|000008960004|
000000942|000009773002|
000000942|000008960003|
000000943|000008972002|
000000943|000008357003|
000000943|000008976005|
000000943|000008972005|
000000943|000009773002|
000000943|000008968005|
000000943|000008985002|
000000943|000008960002|
000000943|000008976004|
000000943|000010151002|
000000943|000009503003|
000000943|000008985004|
000000943|000009503002|
000000943|000008968003|
000000943|000008968004|
000000943|000008960004|
000000943|000008985005|
000000943|000008968002|
000000943|000008960003|
000000943|000010151003|
000000944|000008976003|
000000944|000009773002|
000000944|000008985003|
000000944|000009773004|
000000944|000008985005|
000000944|000009773005|
000000944|000008968002|
000000944|000008968005|
000000944|000009503003|
000000944|000008960002|
000000944|000008964002|
000000944|000008964005|
000000944|000008964004|
000000944|000010151002|
000000944|000008972005|
000000944|000008968004|
000000944|000008968003|
000000944|000008976004|
000000944|000008985004|
000000944|000008972002|
000000944|000010151003|
000000944|000008985002|
000000944|000009503002|
000000944|000008960004|
000000944|000008976005|
000000944|000008960003|
000001016|000010201004|
000001016|000010197004|
000001016|000009663002|
000001016|000010205004|
000001016|000009741004|
000001016|000010193004|
000001016|000010193005|
000001016|000009663003|
000001016|000010197003|
000001016|000010197002|
000001016|000009654003|
000001016|000009741003|
000001016|000010209005|
000001016|000010205003|
000001016|000010209002|
000001016|000010205005|
000001016|000010197005|
000001016|000010205002|
000001016|000009741005|
000001016|000010209003|
000001016|000010193002|
000001016|000009741002|
000001016|000009654002|
000001016|000010209004|
000001017|000010197004|
000001017|000010193004|
000001017|000010209004|
000001017|000010209003|
000001017|000009741004|
000001017|000009663002|
000001017|000010209005|
000001017|000009663003|
000001017|000010201004|
000001017|000009741005|
000001017|000010197003|
000001017|000010205003|
000001017|000010205004|
000001017|000010209002|
000001017|000009672003|
000001017|000010205002|
000001017|000010197002|
000001017|000009741002|
000001017|000010205005|
000001017|000010193002|
000001017|000009654003|
000001017|000009741003|
000001017|000009672002|
000001017|000010197005|
000001017|000010193005|
000001017|000009654002|
000001033|000009663003|
000001033|000010193004|
000001033|000010197004|
000001033|000010205002|
000001033|000010205005|
000001033|000010197002|
000001033|000010197005|
000001033|000010193002|
000001033|000009654002|
000001033|000010209004|
000001033|000009741002|
000001033|000009672002|
000001033|000010205004|
000001033|000009672003|
000001033|000009741005|
000001033|000010209005|
000001033|000009741003|
000001033|000010197003|
000001033|000010209003|
000001033|000009654003|
000001033|000010193005|
000001033|000010193003|
000001033|000009663002|
000001033|000010205003|
000001033|000010209002|
000001033|000009741004|
000001036|000010197004|
000001036|000010205002|
000001036|000010205004|
000001036|000010197002|
000001036|000010209004|
000001036|000009741003|
000001036|000010193005|
000001036|000010209002|
000001036|000010205003|
000001036|000009741005|
000001036|000010193002|
000001036|000009741004|
000001036|000010209005|
000001036|000010193004|
000001036|000009741002|
000001038|000010143005|
000001038|000010143002|
000001038|000010143003|
000001038|000010143004|
000001041|000009408003|
000001041|000009416002|
000001041|000010143002|
000001041|000009416003|
000001041|000010143004|
000001041|000009398002|
000001041|000009398003|
000001041|000010143005|
000001041|000009408002|
000001041|000010143003|
000001044|000009729002|
000001044|000009729004|
000001044|000009729005|
000001044|000009729003|
000001045|000009729005|
000001045|000009729003|
000001045|000009729002|
000001045|000009729004|
000001052|000010123005|
000001052|000010123003|
000001052|000010123004|
000001052|000010127004|
000001052|000010135003|
000001052|000010139005|
000001052|000010135002|
000001052|000010139003|
000001052|000010127002|
000001052|000010123002|
000001053|000009729004|
000001053|000009729002|
000001053|000009729003|
000001053|000009729005|
000001054|000010123005|
000001054|000009729003|
000001054|000009398002|
000001054|000010135002|
000001054|000010127002|
000001054|000009416003|
000001054|000010123002|
000001054|000009729005|
000001054|000010135003|
000001054|000010123003|
000001054|000009408003|
000001054|000010143005|
000001054|000009398003|
000001054|000009729002|
000001054|000009408002|
000001054|000009729004|
000001054|000009416002|
000001054|000010143003|
000001054|000010143004|
000001054|000010127004|
000001054|000010139005|
000001054|000010143002|
000001054|000010123004|
000001054|000010139003|
000001055|000010123004|
000001055|000010139004|
000001055|000010139005|
000001055|000010139003|
000001055|000010127003|
000001055|000010131003|
000001055|000010127004|
000001055|000010135003|
000001055|000010127002|
000001055|000010123005|
000001055|000009729004|
000001055|000009729003|
000001055|000009729005|
000001055|000010123003|
000001055|000010135002|
000001055|000009408002|
000001055|000009729002|
000001055|000010123002|
000001055|000010135005|
000001055|000009398002|
000001055|000009398003|
000001055|000009408003|
000001056|000009729004|
000001056|000009729002|
000001056|000009729003|
000001056|000009729005|
000001058|000009729005|
000001058|000010135002|
000001058|000010123004|
000001058|000009398002|
000001058|000010139003|
000001058|000009408003|
000001058|000009398003|
000001058|000010139002|
000001058|000010123002|
000001058|000009408002|
000001058|000010127004|
000001058|000009729002|
000001058|000009729003|
000001058|000010127002|
000001058|000010123005|
000001058|000010135003|
000001058|000010123003|
000001058|000009729004|
000001058|000010139005|
000001094|000009765002|
000001094|000009765003|
000001094|000008516003|
000001094|000009765004|
000001094|000010308002|
000001094|000010308004|
000001094|000010304004|
000001094|000009765005|
000001094|000010308007|
000001094|000008516004|
000001094|000010308006|
000001094|000010304002|
000001094|000008516005|
000001094|000010304005|
000001094|000010308005|
000001094|000008516002|
000001094|000010308003|
000001094|000010304003|
000001095|000010308005|
000001095|000009765004|
000001095|000008516003|
000001095|000010304004|
000001095|000010304005|
000001095|000010304003|
000001095|000008516002|
000001095|000010308007|
000001095|000008516005|
000001095|000009765005|
000001095|000009765002|
000001095|000009765003|
000001095|000010304002|
000001095|000008516004|
000001095|000010308003|
000001095|000010308004|
000001095|000010308002|
000001095|000010308006|
000001096|000009765002|
000001096|000010304004|
000001096|000009765004|
000001096|000010308004|
000001096|000009765005|
000001096|000010308006|
000001096|000010308005|
000001096|000008516005|
000001096|000009765003|
000001096|000010308003|
000001096|000008516004|
000001096|000010308007|
000001096|000010304005|
000001096|000010308002|
000001096|000008516003|
000001096|000008516002|
000001096|000010304002|
000001096|000010304003|
000001097|000010308004|
000001097|000009765002|
000001097|000008516002|
000001097|000010308006|
000001097|000010304005|
000001097|000010308007|
000001097|000009765005|
000001097|000008516005|
000001097|000010308003|
000001097|000010308002|
000001097|000010304003|
000001097|000010308005|
000001097|000009765003|
000001097|000010304004|
000001097|000009765004|
000001097|000008516004|
000001097|000008516003|
000001097|000010304002|
000001098|000010304002|
000001098|000010308005|
000001098|000008516004|
000001098|000008516002|
000001098|000008516005|
000001098|000009765003|
000001098|000008516003|
000001098|000010308002|
000001098|000009765005|
000001098|000009765004|
000001098|000010308006|
000001098|000009765002|
000001098|000010304005|
000001098|000010308004|
000001098|000010304003|
000001098|000010308007|
000001098|000010308003|
000001098|000010304004|
000001100|000008516003|
000001100|000009765004|
000001100|000008516004|
000001100|000009765003|
000001100|000010308007|
000001100|000008516005|
000001100|000009765005|
000001100|000008516002|
000001100|000010308002|
000001100|000010304004|
000001100|000010304003|
000001100|000010308004|
000001100|000009765002|
000001100|000010304005|
000001100|000010304002|
000001100|000010308006|
000001100|000010308003|
000001100|000010308005|
000001111|000009980005|
000001111|000009547002|
000001111|000009980004|
000001111|000009547003|
000001111|000009980003|
000001111|000009815002|
000001111|000008438002|
000001111|000009815004|
000001111|000009980002|
000001120|000009980005|
000001120|000009980003|
000001120|000009810004|
000001120|000009547002|
000001120|000009810005|
000001120|000008438005|
000001120|000009980004|
000001120|000009810003|
000001120|000009810002|
000001120|000009547003|
000001120|000009980002|
000001126|000009810005|
000001126|000009580003|
000001126|000009980003|
000001126|000009547002|
000001126|000009980004|
000001126|000009580002|
000001126|000009980005|
000001126|000009810002|
000001126|000009980002|
000001126|000009547003|
000001126|000008438005|
000001130|000009547002|
000001130|000009980005|
000001130|000009819003|
000001130|000009547003|
000001130|000009980003|
000001130|000009980004|
000001130|000009819004|
000001130|000009819005|
000001130|000009980002|
000001130|000009819002|
000001130|000008438004|
000001137|000009980004|
000001137|000009980005|
000001137|000009806004|
000001137|000009806005|
000001137|000009980003|
000001137|000009547003|
000001137|000009980002|
000001137|000009547002|
000001137|000008438003|
000001138|000009980003|
000001138|000008438003|
000001138|000009806002|
000001138|000009806003|
000001138|000009980002|
000001138|000009572003|
000001138|000009547002|
000001138|000009980005|
000001138|000009980004|
000001138|000009572002|
000001138|000009547003|
000001139|000009547003|
000001139|000008438003|
000001139|000009806002|
000001139|000009980003|
000001139|000009980002|
000001139|000009547002|
000001139|000009980005|
000001139|000009980004|
000001139|000009806003|
000001141|000009547002|
000001141|000009980004|
000001141|000008438003|
000001141|000009980005|
000001141|000009806002|
000001141|000009980002|
000001141|000009547003|
000001141|000009980003|
000001141|000009806003|
000001149|000009980003|
000001149|000009980004|
000001149|000009980005|
000001149|000009980002|
000001153|000009733002|
000001154|000009733002|
000001156|000009733002|
000001157|000009733002|
000001158|000009733003|
000001158|000009733002|
000001159|000009733002|
000001160|000009733002|
000001161|000009733002|
000001163|000009733002|
000001164|000009733002|
000001165|000008474004|
000001165|000010623002|
000001165|000010633002|
000001165|000009835003|
000001165|000010466004|
000001165|000008494002|
000001165|000010400003|
000001165|000010396002|
000001165|000008774002|
000001165|000008486004|
000001165|000009835005|
000001165|000010155003|
000001165|000010396003|
000001165|000009733005|
000001165|000010155002|
000001165|000008376002|
000001165|000010392003|
000001165|000010633005|
000001165|000010368002|
000001165|000010261003|
000001165|000010269003|
000001165|000010155004|
000001165|000009851005|
000001165|000008771004|
000001165|000010261005|
000001165|000010265005|
000001165|000008353002|
000001165|000010269005|
000001165|000008774004|
000001165|000010629002|
000001165|000008482003|
000001165|000008490002|
000001165|000008482002|
000001165|000008494003|
000001165|000010633003|
000001165|000008490003|
000001165|000008774005|
000001165|000008478003|
000001165|000010400005|
000001165|000010633004|
000001165|000009843003|
000001165|000008522002|
000001165|000010466005|
000001165|000010629003|
000001165|000010623003|
000001165|000010368003|
000001165|000008771003|
000001165|000008353003|
000001165|000008482004|
000001165|000010623004|
000001165|000010265003|
000001165|000009733002|
000001165|000008522004|
000001165|000008771005|
000001165|000010368005|
000001165|000008376004|
000001165|000009835004|
000001165|000008774003|
000001165|000008482005|
000001165|000010392005|
000001165|000008376005|
000001165|000010629004|
000001165|000009240002|
000001165|000008771002|
000001165|000010460005|
000001165|000010466002|
000001165|000009835002|
000001165|000008376003|
000001165|000009240003|
000001165|000010400004|
000001165|000010368004|
000001165|000008353005|
000001165|000010460002|
000001165|000008486003|
000001165|000009851002|
000001165|000010400002|
000001165|000010396004|
000001165|000008474005|
000001165|000008478005|
000001166|000009733003|
000001166|000009733002|
000001167|000010400002|
000001167|000008376003|
000001167|000008778003|
000001167|000008474005|
000001167|000008474004|
000001167|000010633004|
000001167|000010396003|
000001167|000008376004|
000001167|000008353005|
000001167|000008494002|
000001167|000010155005|
000001167|000008353002|
000001167|000010633005|
000001167|000008478005|
000001167|000010265005|
000001167|000009835003|
000001167|000010629004|
000001167|000010623002|
000001167|000010400003|
000001167|000010629005|
000001167|000008486003|
000001167|000008778004|
000001167|000010400005|
000001167|000009851005|
000001167|000008771004|
000001167|000010629002|
000001167|000010368002|
000001167|000008771002|
000001167|000008376002|
000001167|000010400004|
000001167|000010261005|
000001167|000010269003|
000001167|000008778002|
000001167|000008482005|
000001167|000010265003|
000001167|000010629003|
000001167|000008494003|
000001167|000010261003|
000001167|000008522002|
000001167|000008478003|
000001167|000008376005|
000001167|000008482004|
000001167|000010460002|
000001167|000010368005|
000001167|000009733002|
000001167|000008490003|
000001167|000010368004|
000001167|000010396004|
000001167|000008522004|
000001167|000010269005|
000001167|000010623004|
000001167|000010155002|
000001167|000010466004|
000001167|000009733003|
000001167|000008771003|
000001167|000008486004|
000001167|000008486002|
000001167|000009835002|
000001167|000009835005|
000001167|000008486005|
000001167|000008778005|
000001167|000010466005|
000001167|000010392005|
000001167|000010633002|
000001167|000008353003|
000001167|000009843003|
000001167|000010623003|
000001167|000010155003|
000001167|000010633003|
000001168|000009733002|
000001168|000009733003|
000001169|000009733002|
000001169|000009733003|
000001172|000010633002|
000001172|000010265003|
000001172|000008376003|
000001172|000009851005|
000001172|000010466002|
000001172|000008474003|
000001172|000008376002|
000001172|000010633005|
000001172|000009851002|
000001172|000008353004|
000001172|000010466004|
000001172|000008771004|
000001172|000008376005|
000001172|000009843003|
000001172|000010623004|
000001172|000008474002|
000001172|000008353002|
000001172|000009240003|
000001172|000010460002|
000001172|000010155003|
000001172|000008522004|
000001172|000010629002|
000001172|000010400002|
000001172|000008486004|
000001172|000010396004|
000001172|000010400005|
000001172|000010623003|
000001172|000009835005|
000001172|000008482004|
000001172|000010368003|
000001172|000009835004|
000001172|000010396003|
000001172|000009733002|
000001172|000010155002|
000001172|000010261005|
000001172|000010368005|
000001172|000009733004|
000001172|000010265005|
000001172|000008771003|
000001172|000010261003|
000001172|000010269005|
000001172|000010368002|
000001172|000008478005|
000001172|000009835003|
000001172|000010629004|
000001172|000008376004|
000001172|000008494003|
000001172|000010392003|
000001172|000008353005|
000001172|000008490002|
000001172|000008522005|
000001172|000010392005|
000001172|000008494002|
000001172|000010400004|
000001172|000010368004|
000001172|000009240002|
000001172|000008522002|
000001172|000008490003|
000001172|000010629003|
000001172|000010400003|
000001172|000008482005|
000001172|000010623002|
000001172|000009835002|
000001172|000008474005|
000001172|000010633003|
000001172|000008353003|
000001172|000008474004|
000001172|000008482003|
000001172|000008771002|
000001172|000008486003|
000001172|000008478003|
000001172|000010466005|
000001172|000010269003|
000001172|000010633004|
000001174|000010633005|
000001174|000008482004|
000001174|000008494003|
000001174|000010633004|
000001174|000010269005|
000001174|000009843003|
000001174|000010265005|
000001174|000009835005|
000001174|000010261005|
000001174|000010633003|
000001174|000008486004|
000001174|000008490003|
000001174|000008478005|
000001174|000008490002|
000001174|000008474005|
000001174|000008482003|
000001174|000008482002|
000001174|000008478003|
000001174|000008376002|
000001174|000008353002|
000001174|000010392004|
000001174|000008494002|
000001174|000010392005|
000001174|000008522002|
000001174|000009843005|
000001174|000010400005|
000001174|000009733002|
000001174|000010396004|
000001174|000008474004|
000001174|000009835002|
000001174|000009835004|
000001174|000009851002|
000001174|000008376004|
000001174|000010155002|
000001174|000010261003|
000001174|000009733004|
000001174|000010265003|
000001174|000010392003|
000001174|000010368003|
000001174|000010368005|
000001174|000010396003|
000001174|000008522004|
000001174|000009240002|
000001174|000010633002|
000001174|000010269003|
000001174|000010368002|
000001174|000010400002|
000001174|000008376005|
000001174|000010460002|
000001174|000008353005|
000001174|000010466002|
000001174|000008771002|
000001174|000010400004|
000001174|000010466004|
000001174|000008482005|
000001174|000010155003|
000001174|000010623004|
000001174|000009851005|
000001174|000009240003|
000001174|000010368004|
000001174|000010623003|
000001174|000010623002|
000001174|000010400003|
000001174|000008376003|
000001174|000010629004|
000001174|000008353003|
000001174|000008771003|
000001174|000010629003|
000001174|000008771004|
000001174|000010629002|
000001174|000009835003|
000001174|000008486003|
000001174|000010392002|
000001174|000010466005|
000001175|000009733002|
000001177|000009733002|
000001178|000009733002|
000001179|000009733002|
000001179|000009733003|
000001182|000008522002|
000001182|000008494002|
000001182|000008353003|
000001182|000008490003|
000001182|000009835005|
000001182|000008486003|
000001182|000010261005|
000001182|000008778003|
000001182|000010633003|
000001182|000010265005|
000001182|000010400005|
000001182|000009733003|
000001182|000010629002|
000001182|000009835003|
000001182|000010400002|
000001182|000008486004|
000001182|000010633004|
000001182|000010633002|
000001182|000010396004|
000001182|000008771005|
000001182|000008376004|
000001182|000010629004|
000001182|000010460005|
000001182|000010368002|
000001182|000008486005|
000001182|000010460002|
000001182|000010368005|
000001182|000008474004|
000001182|000010633005|
000001182|000010269003|
000001182|000010400004|
000001182|000010265003|
000001182|000008478005|
000001182|000010261003|
000001182|000010155002|
000001182|000008478003|
000001182|000008474005|
000001182|000009843003|
000001182|000008778002|
000001182|000008494003|
000001182|000008486002|
000001182|000008376003|
000001182|000008778004|
000001182|000010396003|
000001182|000008353005|
000001182|000008482004|
000001182|000008353002|
000001182|000010623003|
000001182|000010629005|
000001182|000010400003|
000001182|000010155003|
000001182|000008482005|
000001182|000010269005|
000001182|000010466004|
000001182|000010623004|
000001182|000008771004|
000001182|000008376002|
000001182|000008522004|
000001182|000010155005|
000001182|000008771002|
000001182|000009835002|
000001182|000010623002|
000001182|000010368004|
000001182|000010629003|
000001182|000009733002|
000001182|000010396002|
000001182|000008778005|
000001182|000010466005|
000001182|000009851005|
000001182|000010392005|
000001182|000008771003|
000001182|000008376005|
000001183|000009733005|
000001183|000009733002|
000001184|000009733002|
000001185|000009733002|
000001188|000009733002|
000001189|000009733002|
000001190|000009733002|
000001190|000009733003|
000001191|000009733002|
000001191|000009733003|
000001192|000009733002|
000001192|000009733005|
000001193|000009733002|
000001344|000009835005|
000001344|000010466004|
000001344|000008494003|
000001344|000010623004|
000001344|000009851002|
000001344|000008353003|
000001344|000009785005|
000001344|000009190005|
000001344|000009190003|
000001344|000010623002|
000001344|000009733002|
000001344|000010629002|
000001344|000010396003|
000001344|000009240003|
000001344|000010400005|
000001344|000010400004|
000001344|000008522002|
000001344|000010623003|
000001344|000010368002|
000001344|000008522004|
000001344|000008478003|
000001344|000009835004|
000001344|000009785003|
000001344|000010633005|
000001344|000009190004|
000001344|000010392005|
000001344|000008478005|
000001344|000010633004|
000001344|000010633003|
000001344|000010368003|
000001344|000010400003|
000001344|000008474005|
000001344|000009240002|
000001344|000010633002|
000001344|000008353002|
000001344|000010400002|
000001344|000008486003|
000001344|000008474004|
000001344|000008376003|
000001344|000008771002|
000001344|000008771003|
000001344|000008482003|
000001344|000009851005|
000001344|000009835003|
000001344|000010466005|
000001344|000010368005|
000001344|000010629003|
000001344|000010368004|
000001344|000008376004|
000001344|000008494002|
000001344|000010629004|
000001344|000010155002|
000001344|000010261003|
000001344|000009843003|
000001344|000010460002|
000001344|000010265003|
000001344|000010269003|
000001344|000010396004|
000001344|000008482005|
000001344|000008482004|
000001344|000008771004|
000001344|000010269005|
000001344|000010265005|
000001344|000010261005|
000001344|000008376005|
000001344|000010466002|
000001344|000008490003|
000001344|000010155003|
000001344|000008486004|
000001344|000009835002|
000001344|000009785002|
000001344|000008353005|
000001344|000008376002|
000001344|000008490002|
000001344|000009190002|
000001344|000009785004|
000001344|000010392003|
000001345|000010261005|
000001345|000008486004|
000001345|000009733004|
000001345|000009248003|
000001345|000010633005|
000001345|000010629002|
000001345|000008353005|
000001345|000008482005|
000001345|000010396003|
000001345|000009240002|
000001345|000010400005|
000001345|000010368005|
000001345|000008353003|
000001345|000010633004|
000001345|000008771003|
000001345|000010400004|
000001345|000010466005|
000001345|000009843003|
000001345|000010460002|
000001345|000010368003|
000001345|000008771004|
000001345|000010396004|
000001345|000010400003|
000001345|000010269003|
000001345|000010265003|
000001345|000010629003|
000001345|000010368004|
000001345|000008494002|
000001345|000010155002|
000001345|000008522002|
000001345|000010633003|
000001345|000009733002|
000001345|000009851002|
000001345|000008482003|
000001345|000009835002|
000001345|000008494003|
000001345|000010629004|
000001345|000008376004|
000001345|000009851005|
000001345|000009835003|
000001345|000008478005|
000001345|000008490004|
000001345|000008490005|
000001345|000010466003|
000001345|000008490003|
000001345|000008490002|
000001345|000010623004|
000001345|000010623002|
000001345|000010269005|
000001345|000010633002|
000001345|000008478003|
000001345|000008376005|
000001345|000010368002|
000001345|000008376003|
000001345|000009835004|
000001345|000010265005|
000001345|000010261003|
000001345|000008771002|
000001345|000010392003|
000001345|000010392005|
000001345|000010623003|
000001345|000008486003|
000001345|000008353002|
000001345|000008522004|
000001345|000009248002|
000001345|000010155003|
000001345|000010400002|
000001345|000010466002|
000001345|000009240003|
000001345|000010466004|
000001345|000008482004|
000001345|000009835005|
000001345|000008474004|
000001345|000008474005|
000001345|000008376002|
000001346|000008486004|
000001346|000010269005|
000001346|000010265005|
000001346|000010460002|
000001346|000010261005|
000001346|000010400005|
000001346|000008522004|
000001346|000009240003|
000001346|000009733004|
000001346|000010400004|
000001346|000010629003|
000001346|000010400003|
000001346|000010368004|
000001346|000008522002|
000001346|000010400002|
000001346|000010368003|
000001346|000010396003|
000001346|000010466002|
000001346|000009851005|
000001346|000008494002|
000001346|000010623004|
000001346|000009835003|
000001346|000008376003|
000001346|000010623003|
000001346|000008482005|
000001346|000010629002|
000001346|000008353002|
000001346|000010155003|
000001346|000008771002|
000001346|000010368002|
000001346|000009835004|
000001346|000008353003|
000001346|000008771004|
000001346|000008376002|
000001346|000010392003|
000001346|000008376005|
000001346|000009240002|
000001346|000010633005|
000001346|000008474004|
000001346|000008486003|
000001346|000010368005|
000001346|000010629004|
000001346|000008771003|
000001346|000008478003|
000001346|000010261003|
000001346|000010633004|
000001346|000009733002|
000001346|000008482004|
000001346|000010633002|
000001346|000008482003|
000001346|000010392005|
000001346|000009835002|
000001346|000010466004|
000001346|000008474005|
000001346|000010155002|
000001346|000010269003|
000001346|000010466005|
000001346|000008478005|
000001346|000009851002|
000001346|000008482002|
000001346|000008353005|
000001346|000010265003|
000001346|000009843003|
000001346|000010396004|
000001346|000008490003|
000001346|000008490002|
000001346|000010623002|
000001346|000010633003|
000001346|000009835005|
000001346|000008376004|
000001346|000008494003|
000001347|000009733002|
000001348|000008778005|
000001348|000008494002|
000001348|000010396003|
000001348|000010629005|
000001348|000008771002|
000001348|000008778003|
000001348|000010269003|
000001348|000010265003|
000001348|000010261003|
000001348|000008494003|
000001348|000010155002|
000001348|000010629004|
000001348|000009733002|
000001348|000010261005|
000001348|000010633003|
000001348|000008486004|
000001348|000008376004|
000001348|000008522002|
000001348|000010629003|
000001348|000008486003|
000001348|000008778002|
000001348|000010629002|
000001348|000010400005|
000001348|000010400004|
000001348|000010368002|
000001348|000008490003|
000001348|000008376003|
000001348|000010400003|
000001348|000010400002|
000001348|000009785003|
000001348|000010368004|
000001348|000008478003|
000001348|000010633002|
000001348|000010460002|
000001348|000008353002|
000001348|000010368005|
000001348|000008474005|
000001348|000008478005|
000001348|000008486002|
000001348|000008482004|
000001348|000008771004|
000001348|000009835002|
000001348|000008778004|
000001348|000008474004|
000001348|000008353003|
000001348|000010633005|
000001348|000009733003|
000001348|000008376005|
000001348|000008376002|
000001348|000008771003|
000001348|000009785004|
000001348|000009843003|
000001348|000010155003|
000001348|000009835005|
000001348|000010155005|
000001348|000010623004|
000001348|000009785005|
000001348|000008486005|
000001348|000010392005|
000001348|000009835003|
000001348|000008353005|
000001348|000010396004|
000001348|000009851005|
000001348|000010466005|
000001348|000010623003|
000001348|000008522004|
000001348|000008482005|
000001348|000010633004|
000001348|000010466004|
000001348|000009785002|
000001348|000010623002|
000001348|000010269005|
000001348|000010265005|
000001355|000008960003|
000001355|000010151003|
000001355|000008964002|
000001355|000008972005|
000001355|000008960004|
000001355|000008964004|
000001355|000008968002|
000001355|000008968004|
000001355|000009773002|
000001355|000008976004|
000001355|000009773005|
000001355|000008972002|
000001355|000008985002|
000001355|000009773004|
000001355|000008985004|
000001355|000010151002|
000001355|000008976003|
000001355|000008976005|
000001355|000008968005|
000001355|000008960002|
000001355|000008964005|
000001355|000008968003|
000001355|000008985005|
000001360|000010364002|
000001360|000010348002|
000001360|000010352002|
000001360|000010348005|
000001360|000010356005|
000001360|000009777002|
000001360|000010364004|
000001360|000010352003|
000001360|000010360004|
000001360|000010364003|
000001360|000010356002|
000001360|000010348004|
000001360|000010360002|
000001360|000010348003|
000001360|000010356004|
000001360|000010364005|
000001360|000009777005|
000001361|000010352004|
000001361|000010356005|
000001361|000009485002|
000001361|000010348002|
000001361|000010348005|
000001361|000009777002|
000001361|000010364004|
000001361|000010364005|
000001361|000010360003|
000001361|000010348004|
000001361|000010352003|
000001361|000010356003|
000001361|000010364002|
000001361|000010360004|
000001361|000010356004|
000001361|000009493002|
000001361|000010360005|
000001361|000009777004|
000001361|000010356002|
000001361|000010352005|
000001361|000010348003|
000001361|000010364003|
000001361|000009777003|
000001361|000009485003|
000001361|000010352002|
000001361|000009493003|
000001361|000009777005|
000001362|000010348002|
000001362|000009777003|
000001362|000010348004|
000001362|000010352003|
000001362|000010360005|
000001362|000009777002|
000001362|000010348005|
000001362|000010352002|
000001362|000010364002|
000001362|000009485002|
000001362|000009485003|
000001362|000010356005|
000001362|000010360003|
000001362|000010348003|
000001362|000010356002|
000001362|000010356004|
000001362|000010360004|
000001362|000010364004|
000001362|000010364005|
000001362|000010364003|
000001362|000010352005|
000001362|000010356003|
000001362|000009777004|
000001362|000010352004|
000001362|000009493002|
000001362|000009493003|
000001362|000009777005|
000001367|000010123005|
000001367|000010127004|
000001367|000010123002|
000001367|000009729004|
000001367|000010139005|
000001367|000009408002|
000001367|000010123003|
000001367|000009398002|
000001367|000010123004|
000001367|000010139003|
000001367|000009408003|
000001367|000010135002|
000001367|000009729005|
000001367|000010127002|
000001367|000009398003|
000001367|000009729003|
000001367|000010135003|
000001367|000009729002|
000001368|000010123002|
000001368|000010127002|
000001368|000009729005|
000001368|000010139003|
000001368|000010135002|
000001368|000009729003|
000001368|000009408002|
000001368|000009729002|
000001368|000010135003|
000001368|000009408003|
000001368|000009729004|
000001368|000010139005|
000001368|000010123003|
000001368|000010123004|
000001368|000009398003|
000001368|000010123005|
000001368|000010127004|
000001368|000009398002|
000001368|000010131002|
000001369|000010123004|
000001369|000010131004|
000001369|000010123003|
000001369|000009398003|
000001369|000009398002|
000001369|000009408003|
000001369|000009408002|
000001369|000009729003|
000001369|000010127002|
000001369|000010139003|
000001369|000010135002|
000001369|000010123002|
000001369|000009729002|
000001369|000010135003|
000001369|000009729005|
000001369|000010123005|
000001369|000010139005|
000001369|000010127004|
000001369|000009729004|
000001370|000010135003|
000001370|000010123002|
000001370|000009729004|
000001370|000010123003|
000001370|000010139003|
000001370|000009398002|
000001370|000010123004|
000001370|000010139005|
000001370|000009408003|
000001370|000009729003|
000001370|000009729005|
000001370|000010127004|
000001370|000009729002|
000001370|000009408002|
000001370|000010123005|
000001370|000010127002|
000001370|000009398003|
000001370|000010135002|
000001371|000009729003|
000001371|000009729002|
000001371|000009729004|
000001371|000009729005|
000001372|000009729005|
000001372|000009729004|
000001372|000009729002|
000001372|000009729003|
000001394|000009869004|
000001394|000009869005|
000001394|000009869003|
000001396|000009869005|
000001396|000009869004|
000001396|000009861003|
000001396|000009869003|
000001398|000009869005|
000001398|000009869004|
000001398|000009869003|
000001400|000009923004|
000001400|000009769002|
000001400|000009899005|
000001400|000009769005|
000001400|000009899004|
000001400|000009923005|
000001400|000009911005|
000001400|000009911003|
000001400|000009923003|
000001400|000009899002|
000001400|000009923002|
000001400|000009769004|
000001400|000009769003|
000001400|000009899003|
000001400|000009911004|
000001400|000009911002|
000001423|000009851005|
000001423|000008486004|
000001423|000010460002|
000001423|000008478005|
000001423|000008474005|
000001423|000008482005|
000001423|000008490003|
000001423|000008771003|
000001423|000009835005|
000001423|000008353005|
000001423|000009835002|
000001423|000010155002|
000001423|000010261003|
000001423|000010265003|
000001423|000010269003|
000001423|000008478003|
000001423|000010400004|
000001423|000010400002|
000001423|000008778004|
000001423|000008494002|
000001423|000009835003|
000001423|000008522002|
000001423|000008376004|
000001423|000008771002|
000001423|000008486003|
000001423|000010368005|
000001423|000010368002|
000001423|000008474004|
000001423|000010261005|
000001423|000010368004|
000001423|000010400005|
000001423|000010623004|
000001423|000008353002|
000001423|000009733002|
000001423|000010633002|
000001423|000010155005|
000001423|000010633003|
000001423|000010633004|
000001423|000010633005|
000001423|000010629002|
000001423|000010396003|
000001423|000010466005|
000001423|000008778005|
000001423|000010400003|
000001423|000010629003|
000001423|000008376003|
000001423|000008778003|
000001423|000010392005|
000001423|000010466004|
000001423|000010269005|
000001423|000010155003|
000001423|000010623003|
000001423|000010265005|
000001423|000008482004|
000001423|000010396004|
000001423|000010629004|
000001423|000010623002|
000001423|000008353003|
000001423|000009733003|
000001423|000008376002|
000001423|000009843003|
000001423|000008778002|
000001423|000008376005|
000001423|000008522004|
000001423|000008494003|
000001423|000008771004|
000001447|000008395003|
000001447|000008930004|
000001447|000009264003|
000001447|000009753002|
000001447|000009987005|
000001447|000009264002|
000001447|000008395005|
000001447|000008930003|
000001447|000009987002|
000001447|000008395004|
000001447|000008921005|
000001447|000009753005|
000001447|000008921004|
000001447|000009987004|
000001447|000008930005|
000001447|000008921002|
000001447|000008395002|
000001447|000009753003|
000001447|000009987003|
000001447|000008930002|
000001447|000008921003|
000001448|000008395005|
000001448|000009987003|
000001448|000009264003|
000001448|000008930004|
000001448|000009753002|
000001448|000009987004|
000001448|000008395004|
000001448|000008921005|
000001448|000009264002|
000001448|000008930002|
000001448|000009987005|
000001448|000008921003|
000001448|000009753003|
000001448|000008930003|
000001448|000008395003|
000001448|000008921004|
000001448|000008395002|
000001448|000008930005|
000001448|000009987002|
000001448|000009753005|
000001448|000008921002|
000001449|000008921004|
000001449|000009987004|
000001449|000008930005|
000001449|000008395002|
000001449|000008395005|
000001449|000008930002|
000001449|000009753002|
000001449|000008930004|
000001449|000008395004|
000001449|000008921002|
000001449|000009753003|
000001449|000008395003|
000001449|000008930003|
000001449|000008921003|
000001449|000009753005|
000001449|000009987005|
000001449|000009987003|
000001449|000008921005|
000001450|000009753005|
000001453|000009753005|
000001454|000009753005|
000001455|000009980003|
000001455|000009555002|
000001455|000009815002|
000001455|000009547002|
000001455|000009547003|
000001455|000009815004|
000001455|000009980002|
000001455|000009980005|
000001455|000009980004|
000001455|000009555003|
000001455|000008438002|
000001456|000009547003|
000001456|000009980002|
000001456|000009980003|
000001456|000009980005|
000001456|000008438002|
000001456|000009815004|
000001456|000009980004|
000001456|000009815002|
000001456|000009547002|
000001458|000009753002|
000001458|000009753004|
000001458|000009753003|
000001460|000009753002|
000001460|000009753004|
000001460|000009753003|
000001461|000009753002|
000001461|000009753003|
000001461|000009753004|
000001462|000009547002|
000001462|000009580002|
000001462|000008438005|
000001462|000009980005|
000001462|000009980002|
000001462|000009810002|
000001462|000009980004|
000001462|000009810005|
000001462|000009980003|
000001462|000009580003|
000001462|000009547003|
000001463|000009547003|
000001463|000009980002|
000001463|000008438005|
000001463|000009980004|
000001463|000009980003|
000001463|000009547002|
000001463|000009810005|
000001463|000009980005|
000001463|000009810002|
000001464|000009980005|
000001464|000009547002|
000001464|000009810002|
000001464|000009980004|
000001464|000009810005|
000001464|000009980002|
000001464|000008438005|
000001464|000009980003|
000001464|000009547003|
000001467|000009819003|
000001467|000009547003|
000001467|000009980005|
000001467|000009980002|
000001467|000009564002|
000001467|000009564003|
000001467|000009819002|
000001467|000009547002|
000001467|000009980004|
000001467|000009980003|
000001467|000008438004|
000001468|000009980003|
000001468|000008438004|
000001468|000009980004|
000001468|000009819002|
000001468|000009564003|
000001468|000009547003|
000001468|000009547002|
000001468|000009980002|
000001468|000009564002|
000001468|000009819003|
000001468|000009980005|
000001469|000009564002|
000001469|000009819002|
000001469|000009980005|
000001469|000009819003|
000001469|000009547002|
000001469|000009980002|
000001469|000009547003|
000001469|000009980003|
000001469|000009564003|
000001469|000009980004|
000001469|000008438004|
000001472|000010197002|
000001472|000009741002|
000001472|000010197004|
000001472|000010201002|
000001472|000010193002|
000001472|000010209005|
000001472|000010209004|
000001472|000010197003|
000001472|000010201003|
000001472|000009741004|
000001472|000009663002|
000001472|000010193005|
000001472|000010205002|
000001472|000010205003|
000001472|000010201005|
000001472|000010205005|
000001472|000010205004|
000001472|000010193004|
000001472|000009741005|
000001472|000010197005|
000001472|000009663003|
000001472|000010209003|
000001472|000010209002|
000001472|000009741003|
000001477|000008811004|
000001477|000008442002|
000001477|000009839005|
000001477|000008815003|
000001477|000009983005|
000001477|000008815005|
000001477|000008442003|
000001477|000008442004|
000001477|000009983004|
000001477|000008811005|
000001477|000009983002|
000001477|000008815004|
000001477|000009839003|
000001477|000009983003|
000001477|000008811002|
000001477|000008815002|
000001477|000008442005|
000001477|000008811003|
000001478|000008815004|
000001478|000009983003|
000001478|000008442003|
000001478|000009983002|
000001478|000008811004|
000001478|000008811002|
000001478|000008811005|
000001478|000008442004|
000001478|000008815003|
000001478|000009839003|
000001478|000009983005|
000001478|000008815005|
000001478|000009839005|
000001478|000008815002|
000001478|000008811003|
000001478|000009983004|
000001478|000008442002|
000001478|000008442005|
000001479|000009753003|
000001479|000009753002|
000001479|000009753004|
000001483|000010493002|
000001483|000010497002|
000001483|000010493005|
000001483|000009761005|
000001483|000010502002|
000001483|000010506002|
000001483|000010493004|
000001483|000010502003|
000001483|000010506004|
000001483|000009761003|
000001483|000010493003|
000001483|000010506003|
000001483|000010497003|
000001483|000010502005|
000001483|000010497004|
000001483|000010497005|
000001483|000010506005|
000001483|000010502004|
000001483|000009761002|
000001485|000010506004|
000001485|000010502002|
000001485|000010506002|
000001485|000010497004|
000001485|000009761003|
000001485|000010506003|
000001485|000009761005|
000001485|000010493002|
000001485|000010497002|
000001485|000010493005|
000001485|000010502004|
000001485|000010502003|
000001485|000010497005|
000001485|000010506005|
000001485|000010493004|
000001485|000010497003|
000001485|000010502005|
000001485|000010493003|
000001485|000009761002|
000001486|000010497004|
000001486|000010502002|
000001486|000009761002|
000001486|000010506005|
000001486|000010497005|
000001486|000010506003|
000001486|000010502005|
000001486|000010506004|
000001486|000010497002|
000001486|000010493005|
000001486|000010493002|
000001486|000010506002|
000001486|000010493003|
000001486|000010493004|
000001486|000010497003|
000001486|000010502004|
000001486|000009761005|
000001486|000009761003|
000001486|000010502003|
000001523|000009733002|
000001527|000010633002|
000001527|000010623002|
000001527|000010623004|
000001527|000008778005|
000001527|000010396004|
000001527|000010466005|
000001527|000008474004|
000001527|000008486003|
000001527|000009835003|
000001527|000008353005|
000001527|000008486004|
000001527|000010460002|
000001527|000008482005|
000001527|000009851005|
000001527|000008474005|
000001527|000008478005|
000001527|000010261005|
000001527|000010265005|
000001527|000010269005|
000001527|000008771004|
000001527|000008494003|
000001527|000008522004|
000001527|000010155003|
000001527|000010400003|
000001527|000008486002|
000001527|000008490003|
000001527|000008478002|
000001527|000010466004|
000001527|000010396003|
000001527|000009835002|
000001527|000008376003|
000001527|000008482004|
000001527|000008522003|
000001527|000010400004|
000001527|000008478003|
000001527|000008376004|
000001527|000010400005|
000001527|000009733003|
000001527|000008771003|
000001527|000010368002|
000001527|000008522002|
000001527|000010261003|
000001527|000010265003|
000001527|000010269003|
000001527|000008771002|
000001527|000008778004|
000001527|000010155002|
000001527|000009733002|
000001527|000008353003|
000001527|000008778002|
000001527|000008376002|
000001527|000008494002|
000001527|000010368005|
000001527|000010400002|
000001527|000008353002|
000001527|000009843003|
000001527|000010392005|
000001527|000010368004|
000001527|000008778003|
000001527|000008478004|
000001527|000010629005|
000001527|000010629004|
000001527|000010629003|
000001527|000010623003|
000001527|000010629002|
000001527|000010633005|
000001527|000010633004|
000001527|000010633003|
000001527|000008376005|
000001527|000008486005|
000001527|000009835005|
000001527|000010155005|
000001536|000008881002|
000001536|000009795005|
000001536|000008877004|
000001536|000008367003|
000001536|000009991003|
000001536|000008881004|
000001536|000008872002|
000001536|000008872003|
000001536|000008881003|
000001536|000008877002|
000001536|000009615002|
000001536|000009991002|
000001536|000009795003|
000001536|000009615003|
000001536|000008367005|
000001536|000009991005|
000001536|000008877003|
000001536|000008367004|
000001536|000009991004|
000001536|000008881005|
000001536|000008877005|
000001536|000009795004|
000001536|000008367002|
000001537|000009991004|
000001537|000008367002|
000001537|000008872005|
000001537|000008872004|
000001537|000008367004|
000001537|000009795004|
000001537|000009991002|
000001537|000008872003|
000001537|000008367003|
000001537|000009795005|
000001537|000009991005|
000001537|000009991003|
000001537|000008367005|
000001546|000009067002|
000001546|000009075003|
000001546|000009468002|
000001546|000009827003|
000001546|000009075004|
000001546|000009827005|
000001546|000009084003|
000001546|000009075002|
000001546|000009067004|
000001546|000009079003|
000001546|000009084002|
000001546|000009084004|
000001546|000009079005|
000001546|000009067003|
000001546|000009084005|
000001546|000009067005|
000001546|000009075005|
000001553|000008470002|
000001553|000009037003|
000001553|000009831002|
000001553|000008470004|
000001553|000009029004|
000001553|000009033004|
000001553|000009033003|
000001553|000009029002|
000001553|000009308002|
000001553|000009831003|
000001553|000009037004|
000001553|000009831005|
000001553|000009029005|
000001553|000008470003|
000001553|000009033002|
000001553|000009029003|
000001553|000009037005|
000001553|000009308003|
000001553|000009316003|
000001553|000009316002|
000001553|000009831004|
000001557|000009753004|
000001557|000009753003|
000001557|000009753002|
000001558|000009753005|
000001559|000009753005|
000001560|000009753005|
000001561|000009753005|
000001562|000009753003|
000001562|000009753002|
000001562|000009753004|
000001563|000009753005|
000001565|000009067003|
000001565|000009079002|
000001565|000009067004|
000001565|000009079003|
000001565|000009079004|
000001565|000009827003|
000001565|000009067002|
000001565|000009827005|
000001565|000009079005|
000001565|000009067005|
000001567|000009067003|
000001567|000009460002|
000001567|000009067002|
000001567|000009067004|
000001567|000009079003|
000001567|000009084003|
000001567|000009827003|
000001567|000009827005|
000001567|000009079005|
000001567|000009460003|
000001567|000009084002|
000001567|000009084004|
000001567|000009084005|
000001567|000009067005|
000001568|000009067003|
000001568|000009079003|
000001568|000009067002|
000001568|000009827005|
000001568|000009067004|
000001568|000009079005|
000001568|000009084003|
000001568|000009460003|
000001568|000009827003|
000001568|000009084002|
000001568|000009084004|
000001568|000009084005|
000001568|000009460002|
000001568|000009067005|
000001569|000009079005|
000001569|000009067004|
000001569|000009067002|
000001569|000009067003|
000001569|000009084004|
000001569|000009827005|
000001569|000009084003|
000001569|000009460003|
000001569|000009084005|
000001569|000009460002|
000001569|000009067005|
000001569|000009079003|
000001569|000009084002|
000001569|000009827003|
000001570|000009067005|
000001570|000009827003|
000001570|000009067003|
000001570|000009079005|
000001570|000009067004|
000001570|000009827005|
000001570|000009460003|
000001570|000009079003|
000001570|000009460002|
000001570|000009084002|
000001570|000009067002|
000001570|000009084003|
000001570|000009084005|
000001570|000009084004|
000001571|000009079003|
000001571|000009827003|
000001571|000009084003|
000001571|000009084002|
000001571|000009827005|
000001571|000009084004|
000001571|000009079005|
000001571|000009067003|
000001571|000009084005|
000001571|000009067004|
000001571|000009067002|
000001571|000009067005|
000001572|000009084002|
000001572|000009827003|
000001572|000009827005|
000001572|000009468003|
000001572|000009084005|
000001572|000009067002|
000001572|000009075004|
000001572|000009067005|
000001572|000009084004|
000001572|000009079003|
000001572|000009075002|
000001572|000009084003|
000001572|000009079005|
000001572|000009075005|
000001572|000009067003|
000001572|000009067004|
000001580|000008385002|
000001580|000009745003|
000001580|000008564004|
000001580|000008568004|
000001580|000008572004|
000001580|000008385005|
000001580|000008385003|
000001580|000009745004|
000001580|000008564003|
000001580|000008572002|
000001580|000008568002|
000001580|000009281003|
000001580|000009745005|
000001580|000008568003|
000001580|000009281002|
000001580|000008564005|
000001580|000009298003|
000001580|000008572003|
000001580|000008572005|
000001580|000008564002|
000001580|000008568005|
000001580|000009298002|
000001580|000008385004|
000001581|000009773002|
000001581|000008968004|
000001581|000009503002|
000001581|000008960004|
000001581|000008972002|
000001581|000009503003|
000001581|000008976003|
000001581|000008985004|
000001581|000008976004|
000001581|000008968003|
000001581|000010151004|
000001581|000008960003|
000001581|000008964004|
000001581|000008968002|
000001581|000008968005|
000001581|000008964005|
000001581|000009773004|
000001581|000008964002|
000001581|000009773005|
000001581|000010151003|
000001581|000008972005|
000001581|000008985005|
000001581|000008976005|
000001581|000008985002|
000001581|000008960002|
000001581|000010151002|
000001583|000008960003|
000001583|000008985002|
000001583|000008976005|
000001583|000008960002|
000001583|000008960004|
000001583|000008968004|
000001583|000008985004|
000001583|000009773002|
000001583|000008968002|
000001583|000008972005|
000001583|000008976004|
000001583|000008972002|
000001583|000008985005|
000001583|000010151002|
000001583|000008968005|
000001583|000010151003|
000001583|000008968003|
000001584|000009773004|
000001584|000009503003|
000001584|000008964002|
000001584|000008968003|
000001584|000009503002|
000001584|000008985005|
000001584|000008960003|
000001584|000008968004|
000001584|000008964004|
000001584|000008976004|
000001584|000008968002|
000001584|000008976003|
000001584|000010151002|
000001584|000008960004|
000001584|000008985004|
000001584|000008972005|
000001584|000008968005|
000001584|000008976005|
000001584|000009773002|
000001584|000008985002|
000001584|000008964005|
000001584|000008972002|
000001584|000008960002|
000001584|000009773005|
000001584|000010151003|
000001589|000009980002|
000001589|000009806003|
000001589|000009572003|
000001589|000009980004|
000001589|000009547002|
000001589|000008438003|
000001589|000009980005|
000001589|000009806002|
000001589|000009572002|
000001589|000009547003|
000001589|000009980003|
000001600|000008968005|
000001600|000010151004|
000001600|000008968002|
000001600|000008985002|
000001600|000008972002|
000001600|000008964002|
000001600|000008981005|
000001600|000008964005|
000001600|000008981003|
000001600|000010151002|
000001600|000010151003|
000001600|000008976003|
000001600|000008976004|
000001600|000008968004|
000001600|000008972005|
000001600|000008968003|
000001600|000008981004|
000001600|000008985004|
000001600|000008964004|
000001600|000008985005|
000001600|000008976005|
000001606|000009733002|
000001607|000009733002|
000001608|000009733002|
000001609|000009733003|
000001609|000009733002|
000001610|000009733003|
000001610|000009733002|
000001647|000009980004|
000001647|000009980002|
000001647|000009547002|
000001647|000009547003|
000001647|000008438003|
000001647|000009572003|
000001647|000009806003|
000001647|000009980005|
000001647|000009806002|
000001647|000009572002|
000001647|000009980003|
000001658|000010308003|
000001658|000010308004|
000001658|000008516004|
000001658|000010308002|
000001658|000009765002|
000001658|000010308006|
000001658|000010304003|
000001658|000010308007|
000001658|000008516003|
000001658|000010304005|
000001658|000009765005|
000001658|000008516002|
000001658|000009765004|
000001658|000009765003|
000001658|000008516005|
000001658|000010304004|
000001658|000010308005|
000001658|000010304002|
000001659|000010304005|
000001659|000010308007|
000001659|000010308005|
000001659|000010308004|
000001659|000008516005|
000001659|000008516002|
000001659|000009765002|
000001659|000010304002|
000001659|000010304003|
000001659|000010308002|
000001659|000009765003|
000001659|000008516003|
000001659|000010304004|
000001659|000009765004|
000001659|000008516004|
000001659|000010308006|
000001659|000009765005|
000001659|000010308003|
000001660|000008516002|
000001660|000010308002|
000001660|000010308007|
000001660|000009765004|
000001660|000010308004|
000001660|000010304002|
000001660|000008516004|
000001660|000010304005|
000001660|000010304003|
000001660|000009765005|
000001660|000010308003|
000001660|000009765002|
000001660|000009765003|
000001660|000010308005|
000001660|000010308006|
000001660|000008516005|
000001660|000008516003|
000001660|000010304004|
000001661|000010308003|
000001661|000010304004|
000001661|000010304005|
000001661|000010308004|
000001661|000010304002|
000001661|000008516004|
000001661|000010308005|
000001661|000008516003|
000001661|000009765004|
000001661|000009765002|
000001661|000010304003|
000001661|000010308007|
000001661|000009765003|
000001661|000008516002|
000001661|000010308006|
000001661|000008516005|
000001661|000009765005|
000001661|000010308002|
000001666|000009733002|
000001667|000009733002|
000001668|000009733002|
000001825|000009733002|
000001991|000009733002|
000001997|000009733002|
000002076|000009733003|
000002076|000009733002|
000002080|000008881002|
000002080|000008872002|
000002080|000008877004|
000002080|000009991002|
000002080|000008881003|
000002080|000008872003|
000002080|000008367003|
000002080|000008877002|
000002080|000009991003|
000002080|000008367002|
000002080|000009795004|
000002080|000008877003|
000002080|000009991004|
000002080|000009615003|
000002080|000009615002|
000002080|000008881004|
000002080|000008881005|
000002080|000009795003|
000002080|000008367004|
000002080|000009991005|
000002080|000009795005|
000002080|000008367005|
000002080|000008877005|
000002098|000009733002|
000002099|000009733002|
000002102|000009733003|
000002102|000009733002|
000002103|000009733002|
000002108|000008554005|
000002108|000008554003|
000002108|000008546003|
000002108|000009749005|
000002108|000009604003|
000002108|000009588003|
000002108|000008372005|
000002108|000008546004|
000002108|000009588002|
000002108|000009604002|
000002108|000008372002|
000002108|000008372003|
000002108|000008554002|
000002108|000008546002|
000002108|000008546005|
000002108|000008554004|
000002108|000009749003|
000002108|000008543002|
000002108|000009749004|
000002108|000008543003|
000002108|000008372004|
000002109|000009749003|
000002109|000008543005|
000002109|000008372005|
000002109|000008554002|
000002109|000008543002|
000002109|000009596002|
000002109|000009749005|
000002109|000008372002|
000002109|000008554003|
000002109|000008554005|
000002109|000008372004|
000002109|000009596003|
000002109|000009588002|
000002109|000008543004|
000002109|000008543003|
000002109|000009749004|
000002109|000008372003|
000002109|000008554004|
000002173|000009733002|
000002173|000009733005|
000002202|000009733002|
000002234|000010629004|
000002234|000009240002|
000002234|000008474004|
000002234|000010368005|
000002234|000008522004|
000002234|000008494002|
000002234|000008474005|
000002234|000010400003|
000002234|000010368004|
000002234|000008478005|
000002234|000010629003|
000002234|000008353003|
000002234|000010466005|
000002234|000010265005|
000002234|000010466002|
000002234|000010629002|
000002234|000010261005|
000002234|000010368003|
000002234|000008376002|
000002234|000010392003|
000002234|000010466004|
000002234|000010155003|
000002234|000009835005|
000002234|000008376004|
000002234|000010269005|
000002234|000009835002|
000002234|000008486004|
000002234|000008490002|
000002234|000008482003|
000002234|000009851005|
000002234|000010400004|
000002234|000008490003|
000002234|000010633005|
000002234|000009733002|
000002234|000010269003|
000002234|000010265003|
000002234|000009240003|
000002234|000010261003|
000002234|000010623002|
000002234|000010155002|
000002234|000008376005|
000002234|000010460002|
000002234|000008494003|
000002234|000010368002|
000002234|000008482005|
000002234|000009851002|
000002234|000010623003|
000002234|000009835003|
000002234|000009843003|
000002234|000008353005|
000002234|000008486003|
000002234|000010623004|
000002234|000010396003|
000002234|000010392005|
000002234|000008482002|
000002234|000010400005|
000002234|000008376003|
000002234|000010633004|
000002234|000008482004|
000002234|000010633003|
000002234|000008771004|
000002234|000008478003|
000002234|000008353002|
000002234|000008771002|
000002234|000010633002|
000002234|000008771003|
000002234|000010400002|
000002234|000008522002|
000002234|000010396004|
000002234|000009835004|
000002252|000009733002|
000002255|000009733002|
000002255|000009733005|
000002258|000009733002|
000002266|000009835002|
000002266|000009785005|
000002266|000009851002|
000002266|000010261003|
000002266|000010265003|
000002266|000010269003|
000002266|000010368002|
000002266|000010400002|
000002266|000010466002|
000002266|000010629002|
000002266|000008771002|
000002266|000010623004|
000002266|000010466005|
000002266|000010400003|
000002266|000010460002|
000002266|000010396004|
000002266|000008376005|
000002266|000009835005|
000002266|000010466004|
000002266|000010400004|
000002266|000010400005|
000002266|000008482004|
000002266|000009785003|
000002266|000008474004|
000002266|000010396003|
000002266|000010368003|
000002266|000010623002|
000002266|000009835004|
000002266|000008771003|
000002266|000008353003|
000002266|000008486003|
000002266|000010155002|
000002266|000010368004|
000002266|000008522002|
000002266|000010392003|
000002266|000008490002|
000002266|000008494003|
000002266|000009835003|
000002266|000008490003|
000002266|000008478003|
000002266|000008474005|
000002266|000010368005|
000002266|000009851005|
000002266|000010633005|
000002266|000008478005|
000002266|000009785002|
000002266|000009240002|
000002266|000008353005|
000002266|000010261005|
000002266|000009843003|
000002266|000010629004|
000002266|000010265005|
000002266|000008376004|
000002266|000010269005|
000002266|000008482003|
000002266|000010155003|
000002266|000008482005|
000002266|000008522004|
000002266|000010633004|
000002266|000008376003|
000002266|000008486004|
000002266|000010392005|
000002266|000010633003|
000002266|000008771004|
000002266|000009240003|
000002266|000010623003|
000002266|000008353002|
000002266|000009785004|
000002266|000008376002|
000002266|000008482002|
000002266|000008494002|
000002266|000010633002|
000002266|000010629003|
000002266|000009733002|
000002267|000009733002|
000002268|000009733002|
000002269|000009733002|
000002269|000009733005|
000002270|000009733002|
000002285|000009733002|
000002302|000009733002|
000002302|000009733005|
000002350|000008372005|
000002350|000008372002|
000002350|000009749003|
000002350|000009588002|
000002350|000009749004|
000002350|000008554003|
000002350|000008372003|
000002350|000009749005|
000002350|000008554002|
000002350|000008554005|
000002350|000008543003|
000002350|000008543002|
000002350|000008554004|
000002350|000008372004|
000002351|000008543004|
000002351|000008554002|
000002351|000008372003|
000002351|000008554003|
000002351|000008372005|
000002351|000008543002|
000002351|000009749005|
000002351|000008372002|
000002351|000009749003|
000002351|000008543005|
000002351|000009749004|
000002351|000008554005|
000002351|000008554004|
000002351|000008543003|
000002351|000008372004|
000002352|000009749004|
000002352|000008546004|
000002352|000009604002|
000002352|000009588003|
000002352|000008372002|
000002352|000008554003|
000002352|000009749003|
000002352|000008543002|
000002352|000009588002|
000002352|000008372005|
000002352|000009749005|
000002352|000008372004|
000002352|000008372003|
000002352|000008546002|
000002352|000009604003|
000002352|000008546003|
000002352|000008546005|
000002352|000008554004|
000002352|000008554005|
000002352|000008554002|
000002352|000008543003|
000002353|000009588002|
000002353|000008554005|
000002353|000008546004|
000002353|000008543003|
000002353|000009604002|
000002353|000008372003|
000002353|000009749005|
000002353|000008546002|
000002353|000008372004|
000002353|000008554002|
000002353|000009604003|
000002353|000008372002|
000002353|000008372005|
000002353|000008546005|
000002353|000009749003|
000002353|000008554003|
000002353|000009749004|
000002353|000008554004|
000002353|000009588003|
000002353|000008546003|
000002353|000008543002|
000002354|000008546005|
000002354|000008554005|
000002354|000008554003|
000002354|000009749005|
000002354|000009749003|
000002354|000008372003|
000002354|000008372004|
000002354|000008554002|
000002354|000008546003|
000002354|000008546002|
000002354|000008372002|
000002354|000009588003|
000002354|000008543002|
000002354|000009588002|
000002354|000008546004|
000002354|000009749004|
000002354|000009604003|
000002354|000008543003|
000002354|000009604002|
000002354|000008554004|
000002354|000008372005|
000002355|000008554002|
000002355|000008372003|
000002355|000008543004|
000002355|000009596003|
000002355|000009749004|
000002355|000008372005|
000002355|000009596002|
000002355|000008372002|
000002355|000008372004|
000002355|000008554005|
000002355|000008543003|
000002355|000008543002|
000002355|000009588002|
000002355|000009749005|
000002355|000009749003|
000002355|000008543005|
000002355|000008554004|
000002355|000008554003|
000002375|000009869004|
000002375|000009869005|
000002375|000009869003|
000002378|000008380004|
000002378|000009857005|
000002378|000008380003|
000002378|000008380005|
000002378|000008380002|
000002460|000009729003|
000002460|000009729005|
000002460|000009729002|
000002460|000010139003|
000002460|000010135003|
000002460|000010127002|
000002460|000009416002|
000002460|000010123003|
000002460|000009398002|
000002460|000010143004|
000002460|000010123002|
000002460|000010127005|
000002460|000010135002|
000002460|000010127004|
000002460|000010123004|
000002460|000009408002|
000002460|000009416003|
000002460|000009408003|
000002460|000010139005|
000002460|000009729004|
000002460|000010143005|
000002460|000010143002|
000002460|000009398003|
000002460|000010123005|
000002460|000010143003|
000002468|000010368005|
000002468|000010633003|
000002468|000008376004|
000002468|000010633005|
000002468|000010633002|
000002468|000010368004|
000002468|000008478003|
000002468|000010155002|
000002468|000008774002|
000002468|000008376005|
000002468|000009851003|
000002468|000008771002|
000002468|000009843003|
000002468|000008482004|
000002468|000010368003|
000002468|000010629002|
000002468|000008376002|
000002468|000009851002|
000002468|000008771003|
000002468|000008494003|
000002468|000008490002|
000002468|000008494002|
000002468|000008353003|
000002468|000010629003|
000002468|000008522002|
000002468|000008482003|
000002468|000010261003|
000002468|000008774004|
000002468|000008486003|
000002468|000008474004|
000002468|000009733002|
000002468|000010368002|
000002468|000010265003|
000002468|000010629004|
000002468|000010269003|
000002468|000008774003|
000002468|000009835002|
000002468|000010155003|
000002468|000010396003|
000002468|000009851004|
000002468|000010400005|
000002468|000008376003|
000002468|000010623003|
000002468|000008353002|
000002468|000009835003|
000002468|000008494005|
000002468|000010623004|
000002468|000010392005|
000002468|000010623005|
000002468|000008774005|
000002468|000010400004|
000002468|000010460002|
000002468|000008490003|
000002468|000010396004|
000002468|000010269005|
000002468|000010265005|
000002468|000010261005|
000002468|000009851005|
000002468|000008478005|
000002468|000008474005|
000002468|000009733004|
000002468|000008771004|
000002468|000010623002|
000002468|000010466004|
000002468|000008486004|
000002468|000008522004|
000002468|000010466002|
000002468|000008482005|
000002468|000008353005|
000002468|000010460004|
000002468|000010400003|
000002468|000010466005|
000002468|000009835005|
000002468|000009733005|
000002468|000010460003|
000002468|000010155004|
000002468|000008494004|
000002468|000010400002|
000002468|000009835004|
000002468|000010392003|
000002468|000010633004|
000002472|000008470002|
000002472|000009037002|
000002472|000008470004|
000002472|000009033002|
000002472|000009831005|
000002472|000009033003|
000002472|000009037005|
000002472|000009037003|
000002472|000009308002|
000002472|000009308003|
000002472|000009029002|
000002472|000009831002|
000002472|000008470005|
000002472|000009033005|
000002472|000009831004|
000002472|000008470003|
000002472|000009831003|
000002472|000009029005|
000002472|000009037004|
000002472|000009033004|
000002477|000008572002|
000002477|000008564002|
000002477|000009281003|
000002477|000008385004|
000002477|000008568003|
000002477|000008564005|
000002477|000009298003|
000002477|000008568002|
000002477|000008564004|
000002477|000009745003|
000002477|000008568004|
000002477|000008564003|
000002477|000008385005|
000002477|000008568005|
000002477|000009745004|
000002477|000008385002|
000002477|000008572005|
000002477|000008572004|
000002477|000008572003|
000002477|000009281002|
000002477|000008385003|
000002477|000009298002|
000002478|000008560003|
000002478|000009745003|
000002478|000008385002|
000002478|000009281003|
000002478|000008385003|
000002478|000008385004|
000002478|000009745004|
000002478|000009281002|
000002478|000008560004|
000002478|000008385005|
000002478|000008560005|
000002478|000009290003|
000002478|000008560002|
000002478|000009290002|
000002482|000008470002|
000002482|000009831003|
000002482|000009037005|
000002482|000009308003|
000002482|000009033002|
000002482|000008470003|
000002482|000009831004|
000002482|000008470004|
000002482|000009831005|
000002482|000009308002|
000002482|000009037004|
000002482|000009037003|
000002482|000009033003|
000002482|000009033004|
000002482|000009831002|
000002482|000009029002|
000002489|000008885003|
000002489|000009615002|
000002489|000008872003|
000002489|000009991003|
000002489|000008885002|
000002489|000008881002|
000002489|000008881004|
000002489|000009623003|
000002489|000009615003|
000002489|000008868003|
000002489|000008885004|
000002489|000008881005|
000002489|000009795002|
000002489|000008868004|
000002489|000008872002|
000002489|000009795005|
000002489|000008367002|
000002489|000008367003|
000002489|000008367005|
000002489|000008881003|
000002489|000009991004|
000002489|000009991002|
000002489|000009795004|
000002489|000008367004|
000002489|000009991005|
000002490|000008868002|
000002490|000008868004|
000002490|000009991002|
000002490|000009991003|
000002490|000009795004|
000002490|000008868003|
000002490|000009795005|
000002490|000008868005|
000002490|000009991005|
000002490|000008367005|
000002490|000009991004|
000002490|000008367004|
000002490|000008872003|
000002490|000008367002|
000002490|000008367003|
000002491|000009991004|
000002491|000008872002|
000002491|000008881004|
000002491|000008881002|
000002491|000008367002|
000002491|000009615002|
000002491|000008868003|
000002491|000009991003|
000002491|000008367003|
000002491|000009795004|
000002491|000009991002|
000002491|000008881005|
000002491|000009615003|
000002491|000008367005|
000002491|000008872003|
000002491|000008881003|
000002491|000008367004|
000002491|000009991005|
000002491|000008868004|
000002492|000009795004|
000002492|000009991005|
000002492|000009615003|
000002492|000008868003|
000002492|000008367003|
000002492|000008367002|
000002492|000008367005|
000002492|000008881003|
000002492|000008881004|
000002492|000008881002|
000002492|000008872003|
000002492|000009991004|
000002492|000008881005|
000002492|000009991003|
000002492|000009615002|
000002492|000009991002|
000002492|000008872002|
000002492|000008367004|
000002492|000008868004|
000002500|000009741004|
000002500|000010205004|
000002500|000009672003|
000002500|000009663003|
000002500|000009654003|
000002500|000010209005|
000002500|000010205005|
000002500|000010201004|
000002500|000010197005|
000002500|000010193005|
000002500|000010193004|
000002500|000009741005|
000002500|000009672002|
000002500|000009654002|
000002500|000009741002|
000002500|000010193002|
000002500|000010205002|
000002500|000010209002|
000002500|000010197002|
000002500|000009663002|
000002500|000010209003|
000002500|000010205003|
000002500|000010197003|
000002500|000009741003|
000002500|000010209004|
000002500|000010197004|
000002509|000009138003|
000002518|000008921002|
000002518|000008930002|
000002518|000008395005|
000002518|000009753005|
000002518|000009264002|
000002518|000008395002|
000002518|000009987002|
000002518|000008930003|
000002518|000008930005|
000002518|000009753002|
000002518|000009264003|
000002518|000008921003|
000002518|000008921004|
000002518|000009987003|
000002518|000009753003|
000002518|000008930004|
000002518|000008921005|
000002520|000009987003|
000002520|000008921005|
000002520|000009753002|
000002520|000008926004|
000002520|000008930005|
000002520|000008930002|
000002520|000008930004|
000002520|000009987002|
000002520|000009753005|
000002520|000008930003|
000002520|000008926005|
000002520|000008921003|
000002520|000009273003|
000002520|000008921002|
000002520|000008921004|
000002520|000009753003|
000002520|000009273002|
000002520|000008926002|
000002520|000008926003|
000002521|000009753005|
000002522|000009753005|
000002523|000009753005|
000002524|000009753004|
000002524|000009753003|
000002524|000009753002|
000002525|000009827003|
000002525|000009084004|
000002525|000009067004|
000002525|000009079003|
000002525|000009084003|
000002525|000009067002|
000002525|000009067003|
000002525|000009067005|
000002525|000009084002|
000002525|000009079005|
000002525|000009084005|
000002525|000009827005|
000002528|000009737005|
000002528|000008404004|
000002528|000008348004|
000002528|000008417005|
000002528|000008408004|
000002528|000008348003|
000002528|000008412003|
000002528|000010147004|
000002528|000008421005|
000002528|000008412005|
000002528|000008412002|
000002528|000008408005|
000002528|000008404005|
000002528|000008408002|
000002528|000008348002|
000002528|000008404003|
000002528|000008421004|
000002528|000008412004|
000002528|000008348005|
000002528|000008417003|
000002528|000010147003|
000002528|000008404002|
000002528|000008417002|
000002528|000008408003|
000002528|000008421002|
000002528|000008417004|
000002528|000008421003|
000002528|000010147002|
000002529|000010147004|
000002529|000008348005|
000002529|000008408002|
000002529|000008417002|
000002529|000008421004|
000002529|000010147002|
000002529|000008348002|
000002529|000008417004|
000002529|000008412002|
000002529|000008408004|
000002529|000008348004|
000002529|000008421003|
000002529|000008417003|
000002529|000008412003|
000002529|000008408003|
000002529|000008348003|
000002529|000010147003|
000002529|000008412004|
000002529|000009737005|
000002529|000008421005|
000002529|000008417005|
000002529|000008412005|
000002529|000008408005|
000002530|000010466005|
000002530|000010368004|
000002530|000010623003|
000002530|000009835002|
000002530|000008353003|
000002530|000009835005|
000002530|000010396004|
000002530|000010466002|
000002530|000010400002|
000002530|000010466003|
000002530|000010629003|
000002530|000010466004|
000002530|000009835003|
000002530|000008376002|
000002530|000008353002|
000002530|000010400003|
000002530|000009733004|
000002530|000010633005|
000002530|000008376003|
000002530|000010400004|
000002530|000008771003|
000002530|000009851005|
000002530|000009851002|
000002530|000010392005|
000002530|000010368005|
000002530|000010265005|
000002530|000008490003|
000002530|000008494003|
000002530|000010368003|
000002530|000008494002|
000002530|000010623002|
000002530|000010155002|
000002530|000008486003|
000002530|000008482003|
000002530|000010261003|
000002530|000009248002|
000002530|000008771002|
000002530|000010261005|
000002530|000008482005|
000002530|000008376004|
000002530|000010265003|
000002530|000008490004|
000002530|000010269003|
000002530|000010629004|
000002530|000008376005|
000002530|000010633002|
000002530|000008490005|
000002530|000010629002|
000002530|000010368002|
000002530|000009240003|
000002530|000009733002|
000002530|000008482004|
000002530|000009248003|
000002530|000010633003|
000002530|000008474005|
000002530|000008478005|
000002530|000009843003|
000002530|000010396003|
000002530|000009835004|
000002530|000010623004|
000002530|000008771004|
000002530|000008486004|
000002530|000010633004|
000002530|000008353005|
000002530|000010400005|
000002530|000009240002|
000002530|000010460002|
000002530|000008490002|
000002530|000008478003|
000002530|000010392003|
000002530|000008522004|
000002530|000010269005|
000002530|000008474004|
000002530|000008522002|
000002530|000010155003|
000002534|000009351003|
000002534|000009769003|
000002534|000009915003|
000002534|000009769005|
000002534|000009351002|
000002534|000009915002|
000002535|000009769004|
000002535|000009769002|
000002535|000009915003|
000002535|000009351002|
000002535|000009769003|
000002535|000009915005|
000002535|000009351003|
000002535|000009769005|
000002537|000009769003|
000002537|000009915004|
000002537|000009769005|
000002537|000009351003|
000002537|000009351002|
000002537|000009915003|
000002567|000008516005|
000002567|000010304005|
000002567|000010304003|
000002567|000010308007|
000002567|000010308002|
000002567|000008516003|
000002567|000009765003|
000002567|000009765004|
000002567|000009765005|
000002567|000010304002|
000002567|000008516004|
000002567|000008516002|
000002567|000010308005|
000002567|000010308003|
000002567|000009765002|
000002567|000010308004|
000002567|000010304004|
000002567|000010308006|
000002568|000009733002|
000002569|000008968005|
000002569|000008972002|
000002569|000008976003|
000002569|000010151002|
000002569|000008964005|
000002569|000008964002|
000002569|000008981003|
000002569|000009503002|
000002569|000008968002|
000002569|000010151003|
000002569|000010151004|
000002569|000008964004|
000002569|000008985005|
000002569|000008976004|
000002569|000008981004|
000002569|000008985004|
000002569|000008985002|
000002569|000008968004|
000002569|000008981005|
000002569|000008972005|
000002569|000008968003|
000002569|000009512002|
000002569|000008976005|
000002569|000009512003|
000002569|000009503003|
000002582|000009815004|
000002582|000008438002|
000002582|000009815003|
000002582|000009815002|
000002582|000009980002|
000002582|000009815005|
000002582|000009547002|
000002582|000009980003|
000002582|000009980004|
000002582|000009547003|
000002582|000009980005|
000002587|000009138003|
000002589|000008981005|
000002589|000008976003|
000002589|000008972002|
000002589|000010151002|
000002589|000008985002|
000002589|000008968002|
000002589|000008985004|
000002589|000008981003|
000002589|000008976004|
000002589|000008981004|
000002589|000008972005|
000002589|000008968004|
000002589|000009503002|
000002589|000010151003|
000002589|000008968005|
000002589|000008964005|
000002589|000008964004|
000002589|000009503003|
000002589|000008964002|
000002589|000008985005|
000002589|000008968003|
000002589|000008976005|
000002593|000009823003|
000002593|000009823005|
000002594|000010435005|
000002594|000010439005|
000002594|000009823005|
000002594|000009529002|
000002594|000010439004|
000002594|000010443005|
000002594|000009823004|
000002594|000010439002|
000002594|000009529003|
000002594|000009823003|
000002594|000009823002|
000002594|000010447004|
000002594|000010447003|
000002594|000010443002|
000002594|000010435003|
000002594|000010439003|
000002594|000010443004|
000002594|000010447002|
000002594|000010435004|
000002594|000010443003|
000002594|000010435002|
000002595|000010435005|
000002595|000010443003|
000002595|000009529003|
000002595|000009537002|
000002595|000010439004|
000002595|000009537003|
000002595|000010439003|
000002595|000010439002|
000002595|000010443005|
000002595|000010447003|
000002595|000010443002|
000002595|000010435003|
000002595|000010435004|
000002595|000009823002|
000002595|000010443004|
000002595|000009529002|
000002595|000009823004|
000002595|000010439005|
000002595|000010435002|
000002596|000010443002|
000002596|000009529003|
000002596|000010435004|
000002596|000010439005|
000002596|000010435003|
000002596|000010439003|
000002596|000009823002|
000002596|000010439002|
000002596|000009529002|
000002596|000010443004|
000002596|000010439004|
000002596|000010443005|
000002596|000009823004|
000002596|000010443003|
000002596|000010435002|
000002596|000010435005|
000002596|000010447003|
000002597|000009823004|
000002597|000010439002|
000002597|000010451002|
000002597|000010451003|
000002597|000010451005|
000002597|000010447003|
000002597|000010443002|
000002597|000010443003|
000002597|000010439003|
000002597|000010435002|
000002597|000010435003|
000002597|000009823002|
000002597|000010447005|
000002597|000010443004|
000002597|000010443005|
000002597|000010439004|
000002597|000010439005|
000002597|000010435005|
000002597|000010435004|
000002607|000009861002|
000002607|000008380003|
000002607|000008380002|
000002607|000008380004|
000002607|000009869003|
000002607|000009869004|
000002607|000009857003|
000002607|000009801005|
000002607|000009380003|
000002607|000009861004|
000002607|000009869002|
000002607|000009857005|
000002607|000009869005|
000002607|000009861005|
000002607|000009857004|
000002607|000009857002|
000002607|000009380002|
000002607|000008380005|
000002609|000008380003|
000002609|000008380005|
000002609|000008380004|
000002609|000009861004|
000002609|000009869003|
000002609|000009857003|
000002609|000008380002|
000002609|000009869005|
000002609|000009869002|
000002609|000009861005|
000002609|000009380003|
000002609|000009861002|
000002609|000009857002|
000002609|000009801005|
000002609|000009869004|
000002609|000009857005|
000002609|000009380002|
000002609|000009857004|
000002624|000010074002|
000002624|000010086005|
000002624|000010082004|
000002624|000008432003|
000002624|000009847003|
000002624|000009847005|
000002624|000010082003|
000002624|000010074005|
000002624|000010074004|
000002624|000008432004|
000002624|000009847004|
000002624|000010078002|
000002624|000008432005|
000002624|000010082005|
000002624|000010078003|
000002624|000010086004|
000002624|000010078005|
000002624|000008432002|
000002624|000009847002|
000002625|000009847004|
000002625|000008432002|
000002625|000008432005|
000002625|000010078004|
000002625|000010074005|
000002625|000008432004|
000002625|000009847002|
000002625|000010078003|
000002625|000010086005|
000002625|000010078005|
000002625|000009847005|
000002625|000008432003|
000002625|000009847003|
000002625|000010086004|
000002625|000010078002|
000002626|000009716003|
000002626|000009847002|
000002626|000008432004|
000002626|000010086002|
000002626|000010074003|
000002626|000009847003|
000002626|000008432005|
000002626|000010074005|
000002626|000010086005|
000002626|000009708002|
000002626|000008432003|
000002626|000009708003|
000002626|000008432002|
000002626|000009847004|
000002626|000010078005|
000002626|000010086003|
000002626|000010086004|
000002626|000010078002|
000002626|000010078003|
000002626|000009716002|
000002677|000008771005|
000002677|000008353002|
000002677|000010368002|
000002677|000008494002|
000002677|000010269003|
000002677|000010629002|
000002677|000008482004|
000002677|000009255002|
000002677|000010392005|
000002677|000010392003|
000002677|000008494003|
000002677|000010396003|
000002677|000010466002|
000002677|000008774002|
000002677|000008376002|
000002677|000008522002|
000002677|000009835002|
000002677|000010155002|
000002677|000008353005|
000002677|000010396002|
000002677|000010400002|
000002677|000008771002|
000002677|000010400005|
000002677|000008376003|
000002677|000010368005|
000002677|000008774004|
000002677|000008482003|
000002677|000010261003|
000002677|000010155003|
000002677|000009851005|
000002677|000010629003|
000002677|000009733002|
000002677|000008494005|
000002677|000009851003|
000002677|000009255003|
000002677|000008774003|
000002677|000010368004|
000002677|000009835005|
000002677|000010633005|
000002677|000009835004|
000002677|000009835003|
000002677|000010633004|
000002677|000008376005|
000002677|000009851004|
000002677|000010633003|
000002677|000010368003|
000002677|000009851002|
000002677|000010466005|
000002677|000008490002|
000002677|000008490003|
000002677|000008771003|
000002677|000010629004|
000002677|000010466004|
000002677|000010400004|
000002677|000008474004|
000002677|000010460005|
000002677|000010155004|
000002677|000010396004|
000002677|000010460002|
000002677|000008478003|
000002677|000008771004|
000002677|000008482005|
000002677|000010460004|
000002677|000010623002|
000002677|000009843003|
000002677|000010460003|
000002677|000009733005|
000002677|000008522004|
000002677|000008376004|
000002677|000008486004|
000002677|000010269005|
000002677|000010623004|
000002677|000010633002|
000002677|000010265005|
000002677|000010261005|
000002677|000008486003|
000002677|000008494004|
000002677|000008774005|
000002677|000010623003|
000002677|000010400003|
000002677|000008478005|
000002677|000008474005|
000002677|000010265003|
000002677|000008353003|
000002677|000010623005|
000002685|000009369002|
000002685|000009369003|
000002688|000008417002|
000002688|000008408004|
000002688|000008348002|
000002688|000008348004|
000002688|000008412002|
000002688|000009737002|
000002688|000008421003|
000002688|000008404003|
000002688|000008412003|
000002688|000008408003|
000002688|000010147002|
000002688|000008404002|
000002688|000008421004|
000002688|000010147003|
000002688|000008412004|
000002688|000008348003|
000002688|000009737005|
000002688|000008421002|
000002688|000008404004|
000002688|000010147004|
000002688|000008408002|
000002688|000008421005|
000002688|000008417005|
000002688|000008412005|
000002688|000008408005|
000002688|000008348005|
000002688|000008404005|
000002694|000008421003|
000002694|000008348003|
000002694|000008417002|
000002694|000008412003|
000002694|000009737004|
000002694|000010147003|
000002694|000009699002|
000002694|000008417003|
000002694|000008421004|
000002694|000008412004|
000002694|000008408004|
000002694|000009699003|
000002694|000009681002|
000002694|000009681003|
000002694|000008348004|
000002694|000008417004|
000002694|000010147002|
000002694|000009737003|
000002694|000008412002|
000002694|000009737005|
000002694|000008408003|
000002694|000008421005|
000002694|000008417005|
000002694|000008412005|
000002694|000008408005|
000002694|000008348002|
000002694|000010147004|
000002694|000008348005|
000002694|000008408002|
000002700|000009733002|
000002701|000010269003|
000002701|000008490002|
000002701|000010623002|
000002701|000008494002|
000002701|000008376003|
000002701|000010392005|
000002701|000008474003|
000002701|000009248003|
000002701|000010368002|
000002701|000010629003|
000002701|000008353002|
000002701|000009240002|
000002701|000008478005|
000002701|000010396003|
000002701|000008353003|
000002701|000008771002|
000002701|000010265003|
000002701|000010466003|
000002701|000010629002|
000002701|000009835005|
000002701|000010261005|
000002701|000008522002|
000002701|000009240003|
000002701|000010155003|
000002701|000008771003|
000002701|000009835003|
000002701|000009851005|
000002701|000010466004|
000002701|000009248002|
000002701|000010460002|
000002701|000009835004|
000002701|000008482003|
000002701|000010466002|
000002701|000008474005|
000002701|000010396004|
000002701|000010629004|
000002701|000008353004|
000002701|000009843003|
000002701|000008490003|
000002701|000010400005|
000002701|000008482005|
000002701|000010368005|
000002701|000010368004|
000002701|000008494003|
000002701|000010400003|
000002701|000009733004|
000002701|000010261003|
000002701|000010269005|
000002701|000008490005|
000002701|000008376002|
000002701|000010155002|
000002701|000010400004|
000002701|000008522004|
000002701|000008486003|
000002701|000009733002|
000002701|000008353005|
000002701|000008482004|
000002701|000010633004|
000002701|000008478003|
000002701|000010392003|
000002701|000010633005|
000002701|000010623004|
000002701|000009835002|
000002701|000008490004|
000002701|000009851002|
000002701|000010623003|
000002701|000008486004|
000002701|000008376004|
000002701|000008522005|
000002701|000010368003|
000002701|000008474004|
000002701|000008376005|
000002701|000010633003|
000002701|000010466005|
000002701|000010400002|
000002701|000008771004|
000002701|000010265005|
000002701|000010633002|
000002702|000008486004|
000002702|000008778003|
000002702|000008771004|
000002702|000009733003|
000002702|000008771002|
000002702|000008474003|
000002702|000009843003|
000002702|000008482005|
000002702|000008353005|
000002702|000008482004|
000002702|000008486002|
000002702|000010623003|
000002702|000010269005|
000002702|000009835005|
000002702|000010368005|
000002702|000010368004|
000002702|000008376005|
000002702|000008494002|
000002702|000008522002|
000002702|000010396004|
000002702|000010155003|
000002702|000008486005|
000002702|000010623004|
000002702|000008353002|
000002702|000010633005|
000002702|000010368002|
000002702|000010155002|
000002702|000009835003|
000002702|000008778002|
000002702|000010400005|
000002702|000010155005|
000002702|000008486003|
000002702|000010392005|
000002702|000008478003|
000002702|000010629002|
000002702|000010261003|
000002702|000010633004|
000002702|000010400004|
000002702|000010629003|
000002702|000010396003|
000002702|000010265003|
000002702|000010466004|
000002702|000008353004|
000002702|000010269003|
000002702|000008494003|
000002702|000008353003|
000002702|000010629004|
000002702|000009733002|
000002702|000008376004|
000002702|000008474004|
000002702|000008376002|
000002702|000010629005|
000002702|000009733004|
000002702|000010265005|
000002702|000010633003|
000002702|000010261005|
000002702|000008478005|
000002702|000009835002|
000002702|000008474005|
000002702|000010400003|
000002702|000008490003|
000002702|000009851005|
000002702|000010460002|
000002702|000008771003|
000002702|000010623002|
000002702|000008522005|
000002702|000010400002|
000002702|000008778005|
000002702|000010633002|
000002702|000008778004|
000002702|000010466005|
000002702|000008376003|
000002702|000008522004|
000002703|000009733002|
000002704|000009733002|
000002705|000009733002|
000002706|000009733002|
000002706|000009733005|
000002707|000008353005|
000002707|000008353002|
000002707|000008353003|
000002707|000009733002|
000002707|000010261003|
000002707|000008771003|
000002707|000010629003|
000002707|000008490002|
000002707|000008376004|
000002707|000010261005|
000002707|000009843003|
000002707|000008376003|
000002707|000009240003|
000002707|000009835004|
000002707|000008522004|
000002707|000010466005|
000002707|000010400003|
000002707|000010460002|
000002707|000010368004|
000002707|000010368002|
000002707|000010633004|
000002707|000010392003|
000002707|000008522002|
000002707|000010269005|
000002707|000008474005|
000002707|000010623003|
000002707|000010400005|
000002707|000010392004|
000002707|000008482004|
000002707|000009835002|
000002707|000010265003|
000002707|000010368003|
000002707|000008482005|
000002707|000008490003|
000002707|000008482003|
000002707|000010392002|
000002707|000010629002|
000002707|000008376002|
000002707|000010155003|
000002707|000009240002|
000002707|000010396003|
000002707|000010633003|
000002707|000010623002|
000002707|000008482002|
000002707|000010392005|
000002707|000008771004|
000002707|000008486003|
000002707|000010269003|
000002707|000010265005|
000002707|000008478005|
000002707|000008494003|
000002707|000009851002|
000002707|000010396004|
000002707|000009851005|
000002707|000010633002|
000002707|000008474004|
000002707|000010400002|
000002707|000008376005|
000002707|000008771002|
000002707|000008478003|
000002707|000008494002|
000002707|000010629004|
000002707|000009835005|
000002707|000010466004|
000002707|000010623004|
000002707|000010368005|
000002707|000008486004|
000002707|000009835003|
000002707|000010466002|
000002707|000010155002|
000002707|000010633005|
000002707|000010400004|
000002710|000009733002|
000002711|000009733002|
000002711|000009733003|
000002712|000009733002|
000002712|000009733003|
000002714|000009733002|
000002715|000009733002|
000002717|000009733005|
000002717|000009733002|
000002718|000009733002|
000002719|000009733005|
000002719|000009733002|
000002720|000009733002|
000002721|000009733005|
000002721|000009733002|
000002722|000009733002|
000002722|000009733005|
000002723|000009733002|
000002724|000009733002|
000002724|000009733003|
000002725|000009733002|
000002727|000009733002|
000002728|000009733002|
000002729|000009733003|
000002729|000009733002|
000002730|000008972005|
000002730|000008960002|
000002730|000008968003|
000002730|000008976005|
000002730|000010151002|
000002730|000008968005|
000002730|000008985004|
000002730|000008976004|
000002730|000008972002|
000002730|000008960004|
000002730|000010151005|
000002730|000008968002|
000002730|000010151003|
000002730|000008968004|
000002730|000009773002|
000002730|000008985005|
000002730|000008985002|
000002730|000008960003|
000002731|000008964005|
000002731|000008968002|
000002731|000008985004|
000002731|000008964002|
000002731|000008981003|
000002731|000008972002|
000002731|000008968004|
000002731|000008976003|
000002731|000010151002|
000002731|000008985002|
000002731|000008981004|
000002731|000008972005|
000002731|000008964004|
000002731|000008985005|
000002731|000010151003|
000002731|000008981005|
000002731|000008976004|
000002731|000008968003|
000002731|000008976005|
000002731|000008968005|
000002737|000009733002|
000002738|000008353003|
000002738|000010368003|
000002738|000008482005|
000002738|000008376002|
000002738|000009190003|
000002738|000010633004|
000002738|000009843003|
000002738|000010368005|
000002738|000010269003|
000002738|000010623004|
000002738|000010265003|
000002738|000010261003|
000002738|000008376005|
000002738|000010392003|
000002738|000010623003|
000002738|000010155002|
000002738|000010623002|
000002738|000010400002|
000002738|000010629004|
000002738|000010629003|
000002738|000008482003|
000002738|000010629002|
000002738|000009851002|
000002738|000010368004|
000002738|000010400005|
000002738|000008478003|
000002738|000009835002|
000002738|000009190002|
000002738|000010400004|
000002738|000008376003|
000002738|000010396003|
000002738|000010466004|
000002738|000010633003|
000002738|000010466002|
000002738|000008771002|
000002738|000010155003|
000002738|000010400003|
000002738|000008522004|
000002738|000008494003|
000002738|000009240002|
000002738|000008486004|
000002738|000010460002|
000002738|000008353002|
000002738|000009835003|
000002738|000008486003|
000002738|000008474004|
000002738|000010466005|
000002738|000008376004|
000002738|000008490003|
000002738|000008771004|
000002738|000009240003|
000002738|000009190005|
000002738|000008490002|
000002738|000010633005|
000002738|000010269005|
000002738|000010633002|
000002738|000010265005|
000002738|000010261005|
000002738|000009851005|
000002738|000008478005|
000002738|000008474005|
000002738|000009835005|
000002738|000008353005|
000002738|000008482004|
000002738|000010392005|
000002738|000008771003|
000002738|000010396004|
000002738|000010368002|
000002738|000009733002|
000002738|000008522002|
000002738|000008494002|
000002738|000009190004|
000002738|000009835004|
000002748|000008486003|
000002748|000010623002|
000002748|000010400002|
000002748|000009851005|
000002748|000010460002|
000002748|000008353003|
000002748|000010400003|
000002748|000010633002|
000002748|000008771003|
000002748|000008778005|
000002748|000008490003|
000002748|000010466005|
000002748|000010633005|
000002748|000008376003|
000002748|000010155003|
000002748|000008353002|
000002748|000008522002|
000002748|000008771002|
000002748|000008778004|
000002748|000010261003|
000002748|000010400004|
000002748|000010629003|
000002748|000010155005|
000002748|000010368005|
000002748|000008474005|
000002748|000010629005|
000002748|000010396003|
000002748|000010623004|
000002748|000008778002|
000002748|000010265003|
000002748|000008486004|
000002748|000010269003|
000002748|000008376002|
000002748|000008376004|
000002748|000008494002|
000002748|000008486002|
000002748|000010633003|
000002748|000008353005|
000002748|000008478003|
000002748|000010629002|
000002748|000009843003|
000002748|000008482005|
000002748|000010396004|
000002748|000010392005|
000002748|000010629004|
000002748|000009835005|
000002748|000008522004|
000002748|000010400005|
000002748|000010368004|
000002748|000008494003|
000002748|000008771004|
000002748|000010155002|
000002748|000008474004|
000002748|000008478005|
000002748|000008376005|
000002748|000010623003|
000002748|000010261005|
000002748|000010466004|
000002748|000010265005|
000002748|000010368002|
000002748|000009835003|
000002748|000008486005|
000002748|000010633004|
000002748|000009835002|
000002748|000010269005|
000002748|000008778003|
000002748|000009733003|
000002748|000008482004|
000002748|000009733002|
000002749|000010135002|
000002749|000010123002|
000002749|000010135003|
000002749|000010127002|
000002749|000010139005|
000002749|000010139003|
000002749|000010123004|
000002749|000010123003|
000002749|000010123005|
000002749|000010127004|
000002750|000010127004|
000002750|000010127002|
000002750|000010139005|
000002750|000009729003|
000002750|000010139003|
000002750|000009729005|
000002750|000010123002|
000002750|000010123003|
000002750|000010135002|
000002750|000009408002|
000002750|000010123005|
000002750|000010135003|
000002750|000009729004|
000002750|000009398003|
000002750|000009398002|
000002750|000009729002|
000002750|000010123004|
000002750|000009408003|
000002755|000010209005|
000002755|000009654003|
000002755|000010193002|
000002755|000009741004|
000002755|000010197004|
000002755|000010205004|
000002755|000009741003|
000002755|000010193003|
000002755|000010205003|
000002755|000009654002|
000002755|000009663002|
000002755|000010209002|
000002755|000009741002|
000002755|000010209004|
000002755|000009663003|
000002755|000010205002|
000002755|000010197003|
000002755|000010209003|
000002755|000010197002|
000002755|000010193004|
000002755|000009741005|
000002755|000010193005|
000002755|000010197005|
000002755|000010205005|
000002757|000010074004|
000002757|000010082005|
000002757|000010086005|
000002757|000009847005|
000002757|000009847002|
000002757|000010082003|
000002757|000008432004|
000002757|000010074002|
000002757|000010078005|
000002757|000009847004|
000002757|000010082004|
000002757|000009847003|
000002757|000008432002|
000002757|000008432003|
000002757|000010074005|
000002757|000010086004|
000002757|000010078003|
000002757|000008432005|
000002757|000010078002|
000002758|000009980004|
000002758|000009980005|
000002758|000009980003|
000002758|000009980002|
000002759|000009911004|
000002759|000009899004|
000002759|000009927003|
000002759|000009911005|
000002759|000009769005|
000002759|000009927002|
000002759|000009927004|
000002759|000009325003|
000002759|000009769003|
000002759|000009927005|
000002759|000009899002|
000002759|000009911003|
000002759|000009899003|
000002759|000009911002|
000002760|000009134002|
000002760|000009126005|
000002760|000009134003|
000002760|000009130003|
000002760|000009130005|
000002760|000009130004|
000002760|000009134004|
000002760|000009130002|
000002760|000009138002|
000002760|000009138004|
000002760|000009126004|
000002760|000009134005|
000002762|000009138005|
000002762|000009360003|
000002762|000009126004|
000002762|000009138003|
000002762|000009138002|
000002762|000009138004|
000002762|000009360002|
000002762|000009126005|
000002765|000009138003|
000002765|000009138005|
000002765|000009126004|
000002765|000009138004|
000002765|000009138002|
000002765|000009126005|
000002772|000009733002|
000002772|000008771005|
000002773|000010623002|
000002773|000008353005|
000002773|000010400005|
000002773|000010396004|
000002773|000010623003|
000002773|000008486004|
000002773|000010368003|
000002773|000008474004|
000002773|000008376003|
000002773|000010633003|
000002773|000010400004|
000002773|000010368005|
000002773|000010466004|
000002773|000008482003|
000002773|000010629004|
000002773|000010400003|
000002773|000010155003|
000002773|000008771003|
000002773|000009851005|
000002773|000010466005|
000002773|000009835004|
000002773|000010629003|
000002773|000008490003|
000002773|000008376004|
000002773|000008522004|
000002773|000010633002|
000002773|000010400002|
000002773|000008771002|
000002773|000009835002|
000002773|000009733002|
000002773|000010466002|
000002773|000010392005|
000002773|000010269003|
000002773|000010460002|
000002773|000008482004|
000002773|000009843003|
000002773|000010265003|
000002773|000008376002|
000002773|000009835005|
000002773|000010392003|
000002773|000009240003|
000002773|000010261003|
000002773|000008353002|
000002773|000010155002|
000002773|000008353003|
000002773|000010368004|
000002773|000010368002|
000002773|000009851002|
000002773|000010633005|
000002773|000008482002|
000002773|000010623004|
000002773|000008771004|
000002773|000008474005|
000002773|000009835003|
000002773|000008522002|
000002773|000010629002|
000002773|000008376005|
000002773|000008494002|
000002773|000008478005|
000002773|000008490002|
000002773|000009240002|
000002773|000010633004|
000002773|000008482005|
000002773|000008486003|
000002773|000008478003|
000002773|000010396003|
000002773|000008494003|
000002773|000010261005|
000002773|000010265005|
000002773|000010269005|
000002775|000010623002|
000002775|000008482005|
000002775|000010396004|
000002775|000010392005|
000002775|000008490003|
000002775|000009733002|
000002775|000010400004|
000002775|000010466004|
000002775|000010629004|
000002775|000008482003|
000002775|000010466005|
000002775|000010460005|
000002775|000010396003|
000002775|000010396002|
000002775|000009835004|
000002775|000008522004|
000002775|000008376005|
000002775|000009843003|
000002775|000008490002|
000002775|000008771004|
000002775|000008486003|
000002775|000010460002|
000002775|000010392003|
000002775|000010633004|
000002775|000008353005|
000002775|000008494003|
000002775|000008486004|
000002775|000008353003|
000002775|000010466002|
000002775|000010623004|
000002775|000010368004|
000002775|000010155003|
000002775|000008478003|
000002775|000010368002|
000002775|000010269003|
000002775|000010265003|
000002775|000008771005|
000002775|000008474004|
000002775|000008482004|
000002775|000009851005|
000002775|000010633002|
000002775|000010368005|
000002775|000008494002|
000002775|000009240002|
000002775|000009835005|
000002775|000008474005|
000002775|000008376003|
000002775|000010400003|
000002775|000010629002|
000002775|000008376002|
000002775|000010623003|
000002775|000008771002|
000002775|000008478005|
000002775|000010155002|
000002775|000009835003|
000002775|000010261003|
000002775|000010633003|
000002775|000010400005|
000002775|000008771003|
000002775|000009851002|
000002775|000010633005|
000002775|000010629003|
000002775|000008482002|
000002775|000010261005|
000002775|000009240003|
000002775|000008353002|
000002775|000010368003|
000002775|000010265005|
000002775|000009835002|
000002775|000008376004|
000002775|000008522002|
000002775|000010400002|
000002775|000010269005|
000002776|000009733002|
000002779|000009733002|
000002780|000009733002|
000002781|000009733002|
000002783|000009733002|
000002786|000009733002|
000002787|000009733002|
000002788|000009733002|
000002789|000009733002|
000002790|000009733002|
000002791|000009733002|
000002793|000009851002|
000002793|000010265003|
000002793|000010368004|
000002793|000008490002|
000002793|000008376005|
000002793|000010629004|
000002793|000010466002|
000002793|000008482005|
000002793|000010396003|
000002793|000010400005|
000002793|000010396004|
000002793|000009835002|
000002793|000008486004|
000002793|000008771003|
000002793|000010261005|
000002793|000010265005|
000002793|000009843004|
000002793|000010633003|
000002793|000010392005|
000002793|000010269005|
000002793|000009843002|
000002793|000010629003|
000002793|000010466004|
000002793|000009240002|
000002793|000008771004|
000002793|000008474004|
000002793|000010269003|
000002793|000008482004|
000002793|000010368002|
000002793|000010633005|
000002793|000010155003|
000002793|000010633004|
000002793|000010400004|
000002793|000009240003|
000002793|000008376003|
000002793|000009835004|
000002793|000008482002|
000002793|000008522002|
000002793|000008522004|
000002793|000009733002|
000002793|000010629002|
000002793|000009851005|
000002793|000010400002|
000002793|000010155002|
000002793|000008376002|
000002793|000010460002|
000002793|000008482003|
000002793|000010466005|
000002793|000010368005|
000002793|000010261003|
000002793|000008353002|
000002793|000008474005|
000002793|000008486003|
000002793|000010392003|
000002793|000009733004|
000002793|000008478003|
000002793|000010400003|
000002793|000008353005|
000002793|000010623004|
000002793|000008353003|
000002793|000008771002|
000002793|000008478005|
000002793|000010368003|
000002793|000010623002|
000002793|000010623003|
000002793|000008494002|
000002793|000009843003|
000002793|000008376004|
000002793|000008490003|
000002793|000008494003|
000002793|000009835005|
000002793|000009835003|
000002793|000010633002|
000002795|000010629004|
000002795|000009733002|
000002795|000009843004|
000002795|000008522004|
000002795|000008376004|
000002795|000010400002|
000002795|000009843002|
000002795|000008376005|
000002795|000008478003|
000002795|000010396004|
000002795|000009851002|
000002795|000010460002|
000002795|000008376002|
000002795|000008478005|
000002795|000010261003|
000002795|000008482003|
000002795|000010392005|
000002795|000010392003|
000002795|000008771004|
000002795|000008771003|
000002795|000010368005|
000002795|000010633003|
000002795|000008522002|
000002795|000010155003|
000002795|000009240002|
000002795|000010400003|
000002795|000008486003|
000002795|000009835002|
000002795|000010400004|
000002795|000010633005|
000002795|000008482004|
000002795|000010466005|
000002795|000008353005|
000002795|000010155002|
000002795|000008353002|
000002795|000008482005|
000002795|000008490003|
000002795|000010368004|
000002795|000010400005|
000002795|000010623003|
000002795|000008353003|
000002795|000008376003|
000002795|000010629003|
000002795|000008494003|
000002795|000008486004|
000002795|000008771002|
000002795|000008494002|
000002795|000008474005|
000002795|000008482002|
000002795|000010633004|
000002795|000010623002|
000002795|000010368003|
000002795|000010623004|
000002795|000010396003|
000002795|000010368002|
000002795|000010629002|
000002795|000009240003|
000002795|000010466002|
000002795|000010466004|
000002795|000008490002|
000002795|000010269005|
000002795|000010269003|
000002795|000010265005|
000002795|000009835003|
000002795|000009843003|
000002795|000010261005|
000002795|000009851005|
000002795|000009835005|
000002795|000008474004|
000002795|000010265003|
000002795|000009835004|
000002795|000010633002|
000002796|000009240002|
000002796|000008771004|
000002796|000008490002|
000002796|000008474004|
000002796|000009843004|
000002796|000010466005|
000002796|000010400005|
000002796|000008353004|
000002796|000010396003|
000002796|000008482004|
000002796|000008353002|
000002796|000010460002|
000002796|000008490003|
000002796|000010629002|
000002796|000009835004|
000002796|000008486004|
000002796|000010400003|
000002796|000008494003|
000002796|000010629003|
000002796|000010400004|
000002796|000008771003|
000002796|000008353003|
000002796|000009843002|
000002796|000008376004|
000002796|000010629004|
000002796|000008482005|
000002796|000010392005|
000002796|000010633003|
000002796|000008482003|
000002796|000008494002|
000002796|000009733004|
000002796|000008486003|
000002796|000010155002|
000002796|000009835002|
000002796|000008353005|
000002796|000008522005|
000002796|000008771002|
000002796|000009851002|
000002796|000010368004|
000002796|000010261003|
000002796|000010265003|
000002796|000010269003|
000002796|000010396004|
000002796|000010623002|
000002796|000010633004|
000002796|000010623004|
000002796|000008474005|
000002796|000008522002|
000002796|000010392003|
000002796|000010466002|
000002796|000010368002|
000002796|000010368003|
000002796|000010269005|
000002796|000009843003|
000002796|000008478003|
000002796|000009835003|
000002796|000008522004|
000002796|000009835005|
000002796|000010400002|
000002796|000009733002|
000002796|000010155003|
000002796|000008376002|
000002796|000010265005|
000002796|000010623003|
000002796|000010368005|
000002796|000010261005|
000002796|000008376005|
000002796|000009851005|
000002796|000009240003|
000002796|000008376003|
000002796|000008474003|
000002796|000008478005|
000002796|000010633005|
000002796|000008482002|
000002796|000010466004|
000002796|000010633002|
000002798|000009733002|
000002799|000009733002|
000002801|000009733002|
000002802|000009835005|
000002802|000008376002|
000002802|000008482005|
000002802|000008494003|
000002802|000008522004|
000002802|000009835003|
000002802|000010400002|
000002802|000009190002|
000002802|000010466004|
000002802|000009843003|
000002802|000008771002|
000002802|000010155002|
000002802|000009835002|
000002802|000010400005|
000002802|000010466002|
000002802|000010629004|
000002802|000008771003|
000002802|000010633004|
000002802|000008490003|
000002802|000008376003|
000002802|000010629002|
000002802|000010368002|
000002802|000010460002|
000002802|000008494002|
000002802|000008522002|
000002802|000008771004|
000002802|000010392003|
000002802|000008353002|
000002802|000010155003|
000002802|000010400003|
000002802|000008486003|
000002802|000008490002|
000002802|000008474004|
000002802|000009733002|
000002802|000010392005|
000002802|000009190005|
000002802|000008482004|
000002802|000010396003|
000002802|000010261004|
000002802|000008376004|
000002802|000010633003|
000002802|000008486004|
000002802|000010265004|
000002802|000009240002|
000002802|000010269004|
000002802|000010261002|
000002802|000010623002|
000002802|000009190003|
000002802|000010368003|
000002802|000010368005|
000002802|000010466005|
000002802|000008482003|
000002802|000010269002|
000002802|000010629003|
000002802|000009240003|
000002802|000010269005|
000002802|000008478003|
000002802|000010368004|
000002802|000010400004|
000002802|000010623003|
000002802|000010261003|
000002802|000010265003|
000002802|000010396004|
000002802|000010269003|
000002802|000010265005|
000002802|000009851002|
000002802|000009190004|
000002802|000010265002|
000002802|000010261005|
000002802|000010633005|
000002802|000009851005|
000002802|000008353005|
000002802|000009835004|
000002802|000008376005|
000002802|000010633002|
000002802|000010623004|
000002802|000008353003|
000002802|000008474005|
000002802|000008478005|
000002803|000010629003|
000002803|000008771002|
000002803|000010400003|
000002803|000010460004|
000002803|000010460003|
000002803|000010460002|
000002803|000010629002|
000002803|000008771004|
000002803|000008478003|
000002803|000008376003|
000002803|000008486004|
000002803|000009835004|
000002803|000010269004|
000002803|000010466005|
000002803|000010265004|
000002803|000009835003|
000002803|000010261004|
000002803|000009843003|
000002803|000010466004|
000002803|000010633005|
000002803|000008376002|
000002803|000008494004|
000002803|000009835002|
000002803|000010633004|
000002803|000008482004|
000002803|000008376004|
000002803|000010466002|
000002803|000010396003|
000002803|000010633003|
000002803|000010633002|
000002803|000010261002|
000002803|000009835005|
000002803|000010392003|
000002803|000008494005|
000002803|000008482005|
000002803|000008376005|
000002803|000009733002|
000002803|000008353005|
000002803|000010396004|
000002803|000010265002|
000002803|000008490003|
000002803|000010368005|
000002803|000010269002|
000002803|000010400002|
000002803|000008474004|
000002803|000008771003|
000002803|000010623005|
000002803|000010269005|
000002803|000010623004|
000002803|000010265005|
000002803|000010261005|
000002803|000009851005|
000002803|000008486003|
000002803|000010155003|
000002803|000008478005|
000002803|000008474005|
000002803|000010368004|
000002803|000008482003|
000002803|000010623003|
000002803|000009255002|
000002803|000008353002|
000002803|000009851002|
000002803|000008522004|
000002803|000008490002|
000002803|000008494003|
000002803|000010368003|
000002803|000010623002|
000002803|000009851003|
000002803|000008494002|
000002803|000010392005|
000002803|000008353003|
000002803|000008522002|
000002803|000010368002|
000002803|000010629004|
000002803|000010400005|
000002803|000010155002|
000002803|000010269003|
000002803|000010265003|
000002803|000010261003|
000002803|000009851004|
000002803|000010400004|
000002803|000009255003|
000002804|000010265004|
000002804|000009851002|
000002804|000008486003|
000002804|000008771002|
000002804|000008474004|
000002804|000010368002|
000002804|000010368004|
000002804|000010623003|
000002804|000010269004|
000002804|000010400003|
000002804|000009835004|
000002804|000008486004|
000002804|000010396004|
000002804|000009851005|
000002804|000010392003|
000002804|000010265002|
000002804|000010155003|
000002804|000008482003|
000002804|000008474005|
000002804|000010400004|
000002804|000008376005|
000002804|000008376004|
000002804|000008490003|
000002804|000008376003|
000002804|000008482004|
000002804|000010629003|
000002804|000010623002|
000002804|000010633002|
000002804|000010269003|
000002804|000010368005|
000002804|000010261002|
000002804|000008353003|
000002804|000010460002|
000002804|000010629004|
000002804|000009733002|
000002804|000009835005|
000002804|000010265003|
000002804|000009240003|
000002804|000010261003|
000002804|000010269002|
000002804|000008478005|
000002804|000008494002|
000002804|000010633003|
000002804|000010400005|
000002804|000008771003|
000002804|000010396003|
000002804|000010466002|
000002804|000008482005|
000002804|000008353005|
000002804|000010633004|
000002804|000009240002|
000002804|000008478003|
000002804|000010155002|
000002804|000008376002|
000002804|000008353002|
000002804|000009843003|
000002804|000010400002|
000002804|000010261005|
000002804|000010633005|
000002804|000010629002|
000002804|000008522004|
000002804|000008494003|
000002804|000010368003|
000002804|000010392005|
000002804|000010623004|
000002804|000010466004|
000002804|000010265005|
000002804|000009835002|
000002804|000010269005|
000002804|000008771004|
000002804|000010261004|
000002804|000009835003|
000002804|000008522002|
000002804|000008490002|
000002804|000010466005|
000002805|000010396004|
000002805|000008478005|
000002805|000008474005|
000002805|000009733002|
000002805|000010269002|
000002805|000010633003|
000002805|000010368005|
000002805|000008376004|
000002805|000010633002|
000002805|000010269005|
000002805|000008494003|
000002805|000008522004|
000002805|000010265002|
000002805|000009835003|
000002805|000010396003|
000002805|000010265005|
000002805|000010261005|
000002805|000010368004|
000002805|000008478003|
000002805|000010400004|
000002805|000008522002|
000002805|000008494002|
000002805|000008474004|
000002805|000010629003|
000002805|000008353003|
000002805|000010400003|
000002805|000008486004|
000002805|000010269004|
000002805|000008482005|
000002805|000010265004|
000002805|000008353005|
000002805|000008376002|
000002805|000010261004|
000002805|000010629002|
000002805|000010623004|
000002805|000010155002|
000002805|000010460002|
000002805|000010261003|
000002805|000008376003|
000002805|000010368002|
000002805|000010265003|
000002805|000009835005|
000002805|000010261002|
000002805|000010400002|
000002805|000010269003|
000002805|000010623003|
000002805|000008376005|
000002805|000010466005|
000002805|000008771004|
000002805|000010466004|
000002805|000010633005|
000002805|000010400005|
000002805|000010392005|
000002805|000010623002|
000002805|000008353002|
000002805|000009851005|
000002805|000010155003|
000002805|000010629004|
000002805|000009835002|
000002805|000008486003|
000002805|000008490003|
000002805|000010633004|
000002805|000008771003|
000002805|000009843003|
000002805|000008482004|
000002805|000008771002|
000002806|000009733002|
000003592|000009398003|
000003592|000009398002|
000003592|000010123004|
000003592|000010123005|
000003592|000009408003|
000003592|000010127002|
000003592|000010139003|
000003592|000010123003|
000003592|000009729004|
000003592|000010135003|
000003592|000010127004|
000003592|000009729005|
000003592|000010139005|
000003592|000009729003|
000003592|000009729002|
000003592|000010123002|
000003592|000009408002|
000003592|000010135002|
000003593|000009729005|
000003593|000009729003|
000003593|000009729004|
000003593|000009729002|
000003597|000009741003|
000003597|000010193002|
000003597|000009663002|
000003597|000009663003|
000003597|000009741002|
000003597|000009741004|
000003597|000010197005|
000003597|000010209005|
000003597|000010193004|
000003597|000010205005|
000003597|000010205004|
000003597|000009741005|
000003597|000010197004|
000003597|000010209004|
000003597|000010209003|
000003597|000010193005|
000003597|000010205003|
000003597|000010197003|
000003597|000010209002|
000003597|000010205002|
000003597|000010197002|
000003600|000010127004|
000003600|000010139005|
000003600|000010123003|
000003600|000010135002|
000003600|000009729005|
000003600|000010135003|
000003600|000009729004|
000003600|000010139003|
000003600|000010123005|
000003600|000010127002|
000003600|000010123002|
000003600|000010123004|
000003600|000009729003|
000003600|000009729002|
000003693|000008550005|
000003693|000008372003|
000003693|000009749004|
000003693|000008554002|
000003693|000008550002|
000003693|000008554005|
000003693|000008372004|
000003693|000008372005|
000003693|000008550003|
000003693|000009749002|
000003693|000008372002|
000003693|000009588002|
000003693|000008543003|
000003693|000009749005|
000003693|000008543002|
000003693|000009749003|
000003693|000008550004|
000003693|000008554003|
000003693|000008554004|
000003695|000008385003|
000003695|000008385005|
000003695|000008385004|
000003695|000009745004|
000003695|000008385002|
000003695|000009745003|
000003695|000008560003|
000003695|000008560005|
000003698|000009733002|
000003698|000009733005|
000003702|000008811005|
000003702|000009983003|
000003702|000009839002|
000003702|000008442004|
000003702|000008811004|
000003702|000009983005|
000003702|000009645003|
000003702|000008821003|
000003702|000009839004|
000003702|000009983004|
000003702|000008821004|
000003702|000009645002|
000003702|000009983002|
000003702|000008442003|
000003703|000009645002|
000003703|000008811004|
000003703|000008811005|
000003703|000008821003|
000003703|000009983003|
000003703|000008442003|
000003703|000008821005|
000003703|000009983004|
000003703|000008442004|
000003703|000009839004|
000003703|000009839002|
000003703|000009983005|
000003703|000009983002|
000003703|000009645003|
000003704|000008442003|
000003704|000008442004|
000003704|000009983002|
000003704|000009983004|
000003704|000009983005|
000003704|000009839002|
000003704|000009983003|
000003704|000008821003|
000003704|000009645002|
000003704|000009645003|
000003704|000009839004|
000003704|000008811004|
000003704|000008811005|
000003704|000008821002|
000003705|000008811005|
000003705|000008442005|
000003705|000009983003|
000003705|000008811003|
000003705|000009983004|
000003705|000008821003|
000003705|000008811002|
000003705|000008442002|
000003705|000008811004|
000003705|000008442003|
000003705|000009983002|
000003705|000008442004|
000003705|000009983005|
000003705|000009839004|
000003707|000008881004|
000003707|000008877004|
000003707|000008367003|
000003707|000009795004|
000003707|000009991005|
000003707|000009615003|
000003707|000008877003|
000003707|000009795005|
000003707|000008367004|
000003707|000009795003|
000003707|000008367005|
000003707|000009615002|
000003707|000008881002|
000003707|000008877002|
000003707|000008872003|
000003707|000008872002|
000003707|000009991002|
000003707|000008367002|
000003707|000008881005|
000003707|000009991003|
000003707|000008881003|
000003707|000008877005|
000003707|000009991004|
000003711|000008960002|
000003711|000009773005|
000003711|000008985005|
000003711|000008972002|
000003711|000008976005|
000003711|000009503003|
000003711|000008968005|
000003711|000010151002|
000003711|000009773003|
000003711|000009773002|
000003711|000008976004|
000003711|000008964004|
000003711|000008960003|
000003711|000008964005|
000003711|000009503002|
000003711|000008972003|
000003711|000008968003|
000003711|000008985004|
000003711|000008960004|
000003711|000008972005|
000003711|000008976003|
000003711|000008972004|
000003711|000008964002|
000003711|000008960005|
000003711|000008968004|
000003711|000009773004|
000003711|000008985002|
000003711|000010151003|
000003711|000008968002|
000003712|000008968003|
000003712|000008964002|
000003712|000010151002|
000003712|000009512002|
000003712|000009512003|
000003712|000008976005|
000003712|000008972005|
000003712|000008976003|
000003712|000008968005|
000003712|000010151003|
000003712|000008976004|
000003712|000008985005|
000003712|000008964005|
000003712|000008981005|
000003712|000009503003|
000003712|000008968004|
000003712|000009503002|
000003712|000008985004|
000003712|000008964004|
000003712|000008985002|
000003712|000008981003|
000003712|000008972002|
000003712|000008981004|
000003712|000008968002|
000003714|000009308002|
000003714|000009033002|
000003714|000009029002|
000003714|000009831002|
000003714|000008470002|
000003714|000009831004|
000003714|000009308003|
000003714|000009037003|
000003714|000009033003|
000003714|000009037004|
000003714|000008470003|
000003714|000009037002|
000003714|000009831005|
000003714|000009029005|
000003714|000009033005|
000003714|000008470004|
000003714|000009037005|
000003714|000009033004|
000003714|000009831003|
000003714|000008470005|
000003715|000009084004|
000003715|000009067003|
000003715|000009079003|
000003715|000009084002|
000003715|000009084005|
000003715|000009827003|
000003715|000009079005|
000003715|000009827005|
000003715|000009067002|
000003715|000009067004|
000003715|000009084003|
000003715|000009067005|
000003812|000009126005|
000003812|000009138002|
000003812|000009130003|
000003812|000009126004|
000003812|000009130002|
000003812|000009138004|
000003812|000009130005|
000003815|000009126005|
000003815|000009126002|
000003815|000009126003|
000003815|000009138002|
000003815|000009138004|
000003815|000009126004|
000003829|000009126004|
000003829|000009126005|
000003829|000009138002|
000003829|000009138004|
000003831|000008478003|
000003831|000008522002|
000003831|000010392003|
000003831|000010400004|
000003831|000010400003|
000003831|000010269003|
000003831|000010265003|
000003831|000010261003|
000003831|000010155002|
000003831|000010155003|
000003831|000010392005|
000003831|000008522004|
000003831|000010396004|
000003831|000009835005|
000003831|000009733004|
000003831|000008482003|
000003831|000008376002|
000003831|000008376005|
000003831|000008474003|
000003831|000009851005|
000003831|000008486003|
000003831|000010633003|
000003831|000008482002|
000003831|000009240002|
000003831|000008474004|
000003831|000008494002|
000003831|000008353004|
000003831|000008490003|
000003831|000008494003|
000003831|000009835004|
000003831|000008376004|
000003831|000008486004|
000003831|000008522005|
000003831|000008474005|
000003831|000009733002|
000003831|000010368003|
000003831|000010368002|
000003831|000010623004|
000003831|000010623002|
000003831|000010400002|
000003831|000008771002|
000003831|000008771003|
000003831|000010368004|
000003831|000010269005|
000003831|000009835002|
000003831|000010400005|
000003831|000010629004|
000003831|000008353005|
000003831|000010623003|
000003831|000009240003|
000003831|000010460002|
000003831|000008353002|
000003831|000008482004|
000003831|000009835003|
000003831|000010633004|
000003831|000010265005|
000003831|000008376003|
000003831|000010633002|
000003831|000010261005|
000003831|000010466005|
000003831|000008478005|
000003831|000009851002|
000003831|000010629002|
000003831|000008353003|
000003831|000010629003|
000003831|000008771004|
000003831|000010466004|
000003831|000009843003|
000003831|000010633005|
000003831|000010396003|
000003831|000008490002|
000003831|000010368005|
000003831|000010466002|
000003831|000008482005|
000003832|000010623003|
000003832|000009240002|
000003832|000008478005|
000003832|000008353003|
000003832|000010400004|
000003832|000010460002|
000003832|000009835004|
000003832|000008494003|
000003832|000010396004|
000003832|000008490002|
000003832|000008490003|
000003832|000010269003|
000003832|000010400005|
000003832|000008482003|
000003832|000008486003|
000003832|000008353004|
000003832|000008771003|
000003832|000010155002|
000003832|000010392003|
000003832|000008482002|
000003832|000009835005|
000003832|000008474003|
000003832|000010466005|
000003832|000010368005|
000003832|000010392005|
000003832|000010466002|
000003832|000010269005|
000003832|000008482004|
000003832|000008771002|
000003832|000010400003|
000003832|000008376005|
000003832|000010265005|
000003832|000010400002|
000003832|000008376003|
000003832|000008478003|
000003832|000010629004|
000003832|000010261003|
000003832|000010633004|
000003832|000009733004|
000003832|000010265003|
000003832|000009851002|
000003832|000010633003|
000003832|000008474005|
000003832|000008522005|
000003832|000008522002|
000003832|000010368004|
000003832|000009843003|
000003832|000008474004|
000003832|000008494002|
000003832|000009186002|
000003832|000010623002|
000003832|000008353002|
000003832|000010623004|
000003832|000010368002|
000003832|000010261005|
000003832|000008771004|
000003832|000009186003|
000003832|000010368003|
000003832|000008353005|
000003832|000010396003|
000003832|000009240003|
000003832|000010466004|
000003832|000008482005|
000003832|000008376002|
000003832|000009835002|
000003832|000010633002|
000003832|000008486004|
000003832|000009186004|
000003832|000010629002|
000003832|000010633005|
000003832|000010629003|
000003832|000009851005|
000003832|000009186005|
000003832|000008522004|
000003832|000008376004|
000003832|000009835003|
000003832|000009733002|
000003832|000010155003|
000003833|000008771002|
000003833|000009733004|
000003833|000008482003|
000003833|000008478003|
000003833|000008482002|
000003833|000010633003|
000003833|000008376004|
000003833|000010400002|
000003833|000008376003|
000003833|000010400004|
000003833|000010155002|
000003833|000008353003|
000003833|000008522005|
000003833|000009851002|
000003833|000010466005|
000003833|000010396003|
000003833|000009190004|
000003833|000008771004|
000003833|000008522002|
000003833|000008474004|
000003833|000008490003|
000003833|000010400003|
000003833|000010623004|
000003833|000009190003|
000003833|000009733002|
000003833|000010623002|
000003833|000008486003|
000003833|000008376005|
000003833|000010368004|
000003833|000010466002|
000003833|000008353002|
000003833|000010368002|
000003833|000010368005|
000003833|000008474003|
000003833|000010269005|
000003833|000009186003|
000003833|000010460002|
000003833|000008494002|
000003833|000009186002|
000003833|000010265005|
000003833|000010623003|
000003833|000009835002|
000003833|000008353005|
000003833|000010368003|
000003833|000010633004|
000003833|000009835005|
000003833|000009835003|
000003833|000010466004|
000003833|000009240003|
000003833|000008486004|
000003833|000008474005|
000003833|000008482004|
000003833|000010629004|
000003833|000008482005|
000003833|000010396004|
000003833|000009240002|
000003833|000010633002|
000003833|000009835004|
000003833|000008494003|
000003833|000008353004|
000003833|000010629002|
000003833|000010633005|
000003833|000008490002|
000003833|000010400005|
000003833|000010269003|
000003833|000010392005|
000003833|000008376002|
000003833|000009851005|
000003833|000009186004|
000003833|000009843003|
000003833|000008522004|
000003833|000010261003|
000003833|000010265003|
000003833|000009186005|
000003833|000009190005|
000003833|000010392003|
000003833|000010155003|
000003833|000008478005|
000003833|000009190002|
000003833|000008771003|
000003833|000010629003|
000003833|000010261005|
000003835|000009733002|
000003836|000009733002|
000003837|000009733002|
000003839|000009761004|
000003840|000009761004|
000003871|000008522002|
000003871|000009240003|
000003871|000010155002|
000003871|000010261003|
000003871|000010629003|
000003871|000008478005|
000003871|000010265003|
000003871|000009835005|
000003871|000010269003|
000003871|000008494002|
000003871|000010155003|
000003871|000009733004|
000003871|000008522004|
000003871|000010633004|
000003871|000008376002|
000003871|000008486004|
000003871|000009851005|
000003871|000008771004|
000003871|000010400002|
000003871|000010392005|
000003871|000009733002|
000003871|000008353002|
000003871|000008771002|
000003871|000010396003|
000003871|000010368005|
000003871|000010466002|
000003871|000010368004|
000003871|000010629004|
000003871|000010368003|
000003871|000010400005|
000003871|000010400004|
000003871|000010400003|
000003871|000010623002|
000003871|000010633005|
000003871|000008771003|
000003871|000008376005|
000003871|000008353003|
000003871|000009835002|
000003871|000010269005|
000003871|000010466005|
000003871|000009843003|
000003871|000008522003|
000003871|000010633002|
000003871|000010265005|
000003871|000010466004|
000003871|000008353005|
000003871|000010368002|
000003871|000010623003|
000003871|000008522005|
000003871|000009835003|
000003871|000008482005|
000003871|000008376003|
000003871|000010460002|
000003871|000008474004|
000003871|000009240002|
000003871|000008486003|
000003871|000008482004|
000003871|000010392003|
000003871|000010629002|
000003871|000010623004|
000003871|000010261005|
000003871|000008376004|
000003871|000008478003|
000003871|000008482003|
000003871|000010633003|
000003871|000008490002|
000003871|000008474003|
000003871|000009835004|
000003871|000008353004|
000003871|000008494003|
000003871|000008490003|
000003871|000010396004|
000003871|000008474005|
000003871|000009851002|
000003873|000009733002|
000003874|000009733002|
000003878|000009827002|
000003879|000009827002|
000003879|000009827004|
000003880|000009827002|
000003889|000008380003|
000003889|000009869004|
000003889|000008380004|
000003889|000009801005|
000003889|000009857003|
000003889|000008380005|
000003889|000009869003|
000003889|000009857004|
000003889|000009869005|
000003889|000009380002|
000003889|000009861002|
000003889|000009857002|
000003889|000009861004|
000003889|000008380002|
000003889|000009857005|
000003889|000009380003|
000003889|000009869002|
000003889|000009861005|
000003891|000009380003|
000003891|000009857004|
000003891|000009861004|
000003891|000008380003|
000003891|000009857002|
000003891|000009869002|
000003891|000009857005|
000003891|000009801005|
000003891|000009857003|
000003891|000009869003|
000003891|000009869004|
000003891|000008380002|
000003891|000009861005|
000003891|000008380004|
000003891|000009861002|
000003891|000008380005|
000003891|000009869005|
000003891|000009380002|
000003892|000009865004|
000003892|000009857005|
000003892|000009865005|
000003892|000009865002|
000003892|000009865003|
000003892|000008380002|
000003892|000008380003|
000003892|000008380005|
000003892|000008380004|
000003914|000009919004|
000003914|000009769003|
000003914|000009769005|
000003915|000009769005|
000003915|000009769003|
000003915|000009919005|
000003922|000009380002|
000003922|000009861005|
000003922|000009857004|
000003922|000009869002|
000003922|000009861002|
000003922|000009861004|
000003922|000009801005|
000003922|000009869004|
000003922|000008380004|
000003922|000008380003|
000003922|000009869005|
000003922|000009857002|
000003922|000009857003|
000003922|000009857005|
000003922|000009380003|
000003922|000008380005|
000003922|000008380002|
000003922|000009869003|
000003945|000009079004|
000003945|000009079002|
000004036|000009980004|
000004036|000009980002|
000004036|000009980005|
000004036|000009980003|
000004037|000009980002|
000004037|000009980003|
000004037|000009980004|
000004037|000009980005|
000004038|000009980004|
000004038|000009980002|
000004038|000009980003|
000004038|000009980005|
000004039|000009980004|
000004039|000009547002|
000004039|000009547003|
000004039|000009980003|
000004039|000009980005|
000004039|000009980002|
000004040|000009980004|
000004040|000009547002|
000004040|000009547003|
000004040|000009980002|
000004040|000009980005|
000004040|000009980003|
000004041|000009980004|
000004041|000009980005|
000004041|000009980002|
000004041|000009547002|
000004041|000009547003|
000004041|000009980003|
000004042|000009547003|
000004042|000009980003|
000004042|000009547002|
000004042|000009980002|
000004042|000009980004|
000004042|000009980005|
000004045|000009980005|
000004045|000009980004|
000004045|000009980002|
000004045|000009980003|
000004046|000009980005|
000004046|000009980004|
000004046|000009980003|
000004046|000009980002|
000004047|000009980003|
000004047|000009980004|
000004047|000009980005|
000004047|000009980002|
000004048|000009980003|
000004048|000009980002|
000004048|000009980005|
000004048|000009980004|
000004049|000009980004|
000004049|000009980005|
000004049|000009980003|
000004049|000009980002|
000004062|000009980005|
000004062|000009980002|
000004062|000009980003|
000004062|000009980004|
000004065|000009980002|
000004065|000009980004|
000004065|000009980005|
000004065|000009980003|
000004068|000009980002|
000004068|000009980004|
000004068|000009980005|
000004068|000009980003|
000004069|000009980003|
000004069|000009980004|
000004069|000009980002|
000004069|000009547002|
000004069|000009980005|
000004069|000009547003|
000004070|000009547002|
000004070|000009547003|
000004070|000009980005|
000004070|000009980002|
000004070|000009980004|
000004070|000009980003|
000004071|000009547002|
000004071|000009980005|
000004071|000009547003|
000004071|000009980002|
000004071|000009980003|
000004071|000009980004|
000004072|000009980002|
000004072|000009980003|
000004072|000009980004|
000004072|000009980005|
000004078|000010010004|
000004078|000010010005|
000004078|000010006002|
000004078|000010002002|
000004078|000010002004|
000004078|000010018004|
000004078|000009998002|
000004078|000010014002|
000004078|000010018002|
000004078|000010018005|
000004078|000009998005|
000004078|000010002003|
000004078|000010006004|
000004078|000010014005|
000004078|000010014004|
000004078|000010018003|
000004078|000010006003|
000004078|000010006005|
000004078|000010010003|
000004078|000009998003|
000004078|000010014003|
000004078|000010002005|
000004078|000010010002|
000004078|000009998004|
000004084|000010002002|
000004084|000010010003|
000004084|000009998002|
000004084|000010010002|
000004084|000010014002|
000004084|000010018002|
000004084|000009998005|
000004084|000010002005|
000004084|000010006005|
000004084|000010010005|
000004084|000010014005|
000004084|000010018005|
000004084|000009998004|
000004084|000010002004|
000004084|000010006004|
000004084|000010006003|
000004084|000010010004|
000004084|000010014004|
000004084|000010018004|
000004084|000009998003|
000004084|000010002003|
000004084|000010006002|
000004084|000010014003|
000004084|000010018003|
000004085|000010006002|
000004085|000009998003|
000004085|000010010004|
000004085|000010002003|
000004085|000010010005|
000004085|000010014003|
000004085|000009998005|
000004085|000009998004|
000004085|000010014005|
000004085|000010002004|
000004085|000010002002|
000004085|000010014004|
000004085|000010018003|
000004085|000010006005|
000004085|000010006003|
000004085|000010006004|
000004085|000010002005|
000004085|000010018004|
000004085|000010018002|
000004085|000010014002|
000004085|000010010002|
000004085|000010010003|
000004085|000010018005|
000004085|000009998002|
000004086|000010018002|
000004086|000010010005|
000004086|000010002003|
000004086|000010018005|
000004086|000010014002|
000004086|000010014003|
000004086|000009998003|
000004086|000010018003|
000004086|000010014005|
000004086|000009998002|
000004086|000010002002|
000004086|000010002004|
000004086|000009998005|
000004086|000009998004|
000004086|000010010004|
000004086|000010014004|
000004086|000010010002|
000004086|000010018004|
000004087|000009998005|
000004087|000010014005|
000004087|000010002003|
000004087|000010002002|
000004087|000010018005|
000004087|000010018002|
000004087|000010010005|
000004087|000009998004|
000004087|000010014004|
000004087|000009998002|
000004087|000010010002|
000004087|000010010004|
000004087|000010014003|
000004087|000010018004|
000004087|000010014002|
000004087|000009998003|
000004087|000010002004|
000004087|000010018003|
000004097|000010010005|
000004100|000009806003|
000004100|000008438003|
000004100|000009980002|
000004100|000009547003|
000004100|000009980004|
000004100|000009806002|
000004100|000009547002|
000004100|000009980003|
000004100|000009980005|
000004103|000010082003|
000004103|000010086004|
000004103|000009847003|
000004103|000010078003|
000004103|000008432003|
000004103|000010074005|
000004103|000010086005|
000004103|000010078005|
000004103|000010078002|
000004103|000010082004|
000004103|000010086003|
000004103|000008432004|
000004103|000009847004|
000004103|000008432005|
000004103|000008432002|
000004103|000010082005|
000004103|000009847002|
000004103|000010082002|
000004103|000010074003|
000004103|000010086002|
000004105|000010078003|
000004109|000009729002|
000004109|000010123003|
000004109|000010139003|
000004109|000010123004|
000004109|000009729005|
000004109|000010123005|
000004109|000010127004|
000004109|000010131005|
000004109|000010139005|
000004109|000009729004|
000004109|000010135003|
000004109|000009729003|
000004109|000010127002|
000004109|000010135002|
000004109|000010123002|
000004112|000010135004|
000004117|000008421004|
000004117|000008421003|
000004117|000008348002|
000004117|000008417005|
000004117|000008417004|
000004117|000009737005|
000004117|000010147003|
000004117|000008348004|
000004117|000008412002|
000004117|000008408002|
000004117|000008412003|
000004117|000008408004|
000004117|000010147002|
000004117|000008421005|
000004117|000008348003|
000004117|000008417003|
000004117|000008417002|
000004117|000008408003|
000004117|000008348005|
000004117|000008408005|
000004117|000008412004|
000004117|000010147004|
000004117|000008412005|
000004118|000009827002|
000004120|000009741005|
000004120|000010193005|
000004120|000010209004|
000004120|000010205002|
000004120|000010209002|
000004120|000010209005|
000004120|000009741004|
000004120|000010197004|
000004120|000010205004|
000004120|000010193004|
000004120|000009663002|
000004120|000009663003|
000004120|000009741002|
000004120|000009741003|
000004120|000010205003|
000004120|000010197002|
000004120|000010193002|
000004124|000010197002|
000004124|000009663002|
000004124|000009663003|
000004124|000010197004|
000004129|000010623004|
000004129|000010466004|
000004129|000010400005|
000004129|000010269005|
000004129|000010466002|
000004129|000010265005|
000004129|000010261005|
000004129|000009851005|
000004129|000008478005|
000004129|000008474005|
000004129|000010623002|
000004129|000010400004|
000004129|000008771004|
000004129|000010396003|
000004129|000010629004|
000004129|000010400003|
000004129|000010269004|
000004129|000010265004|
000004129|000010261004|
000004129|000008353003|
000004129|000010629003|
000004129|000008490003|
000004129|000008771002|
000004129|000010629002|
000004129|000009733002|
000004129|000008376002|
000004129|000008353005|
000004129|000008522004|
000004129|000010155003|
000004129|000008482002|
000004129|000010396004|
000004129|000008494003|
000004129|000008482005|
000004129|000009240003|
000004129|000009835002|
000004129|000009835005|
000004129|000008376005|
000004129|000010392005|
000004129|000010633005|
000004129|000010269003|
000004129|000010265003|
000004129|000010261003|
000004129|000008522002|
000004129|000008494002|
000004129|000010623003|
000004129|000009835004|
000004129|000008376004|
000004129|000010368002|
000004129|000010155002|
000004129|000009851002|
000004129|000008490002|
000004129|000008482003|
000004129|000010633004|
000004129|000010400002|
000004129|000010633003|
000004129|000010261002|
000004129|000010265002|
000004129|000010392003|
000004129|000008771003|
000004129|000008482004|
000004129|000010368005|
000004129|000010460002|
000004129|000010633002|
000004129|000010368004|
000004129|000009843003|
000004129|000008353002|
000004129|000010269002|
000004129|000008486003|
000004129|000010466005|
000004129|000008474004|
000004129|000008486004|
000004129|000010368003|
000004129|000008376003|
000004129|000009240002|
000004129|000008478003|
000004129|000009835003|
000004130|000010396004|
000004130|000008478005|
000004130|000010368005|
000004130|000010629002|
000004130|000009733002|
000004130|000010392003|
000004130|000008494003|
000004130|000010368002|
000004130|000010633004|
000004130|000008474005|
000004130|000008376002|
000004130|000008771003|
000004130|000010261005|
000004130|000008490002|
000004130|000010396003|
000004130|000008376005|
000004130|000008482005|
000004130|000008486003|
000004130|000010460002|
000004130|000010368004|
000004130|000008353002|
000004130|000008494002|
000004130|000009835002|
000004130|000008376004|
000004130|000008771002|
000004130|000010633002|
000004130|000008353005|
000004130|000010269005|
000004130|000009835005|
000004130|000010633003|
000004130|000008474004|
000004130|000008482004|
000004130|000008522004|
000004130|000010629003|
000004130|000010466005|
000004130|000010261004|
000004130|000010633005|
000004130|000010629004|
000004130|000009240002|
000004130|000010269003|
000004130|000009851002|
000004130|000009240003|
000004130|000010265003|
000004130|000010368003|
000004130|000010400005|
000004130|000008482002|
000004130|000010261003|
000004130|000008486004|
000004130|000010155002|
000004130|000010400003|
000004130|000008376003|
000004130|000009835003|
000004130|000008490003|
000004130|000008522002|
000004130|000010623004|
000004130|000010265004|
000004130|000010623003|
000004130|000010400004|
000004130|000010466004|
000004130|000010392005|
000004130|000008771004|
000004130|000010155003|
000004130|000009835004|
000004130|000010261002|
000004130|000010466002|
000004130|000010265002|
000004130|000010400002|
000004130|000010269002|
000004130|000010269004|
000004130|000008353003|
000004130|000010265005|
000004130|000009843003|
000004130|000009851005|
000004130|000008478003|
000004130|000010623002|
000004130|000008482003|
000004131|000009733002|
000004132|000009733002|
000004133|000009733002|
000004134|000008516004|
000004134|000010308002|
000004134|000010308007|
000004134|000010304004|
000004134|000010308003|
000004134|000010304005|
000004134|000009765005|
000004134|000009765004|
000004134|000009765003|
000004134|000010304002|
000004134|000008516002|
000004134|000010308006|
000004134|000008516003|
000004134|000010308004|
000004134|000008516005|
000004134|000009765002|
000004134|000010304003|
000004134|000010308005|
000004135|000010155002|
000004135|000008490003|
000004135|000010629002|
000004135|000008494003|
000004135|000008376002|
000004135|000009851002|
000004135|000010466004|
000004135|000010623004|
000004135|000008522002|
000004135|000008771002|
000004135|000010368003|
000004135|000010466005|
000004135|000009835003|
000004135|000009843003|
000004135|000009733002|
000004135|000008478005|
000004135|000008376005|
000004135|000008771004|
000004135|000010396004|
000004135|000008376003|
000004135|000010368004|
000004135|000008474005|
000004135|000008376004|
000004135|000010392004|
000004135|000010629004|
000004135|000010633003|
000004135|000010261003|
000004135|000009835005|
000004135|000008486004|
000004135|000010629003|
000004135|000010460002|
000004135|000009843004|
000004135|000010400002|
000004135|000009843005|
000004135|000008482004|
000004135|000010392002|
000004135|000010265003|
000004135|000010269003|
000004135|000010400004|
000004135|000010269005|
000004135|000008482005|
000004135|000008482002|
000004135|000010392003|
000004135|000010368005|
000004135|000010633002|
000004135|000010396003|
000004135|000008353002|
000004135|000010623002|
000004135|000008494002|
000004135|000008771003|
000004135|000008353003|
000004135|000008353005|
000004135|000009851005|
000004135|000010400003|
000004135|000008490002|
000004135|000009835002|
000004135|000008478003|
000004135|000010400005|
000004135|000008482003|
000004135|000009733004|
000004135|000010633005|
000004135|000008486003|
000004135|000010392005|
000004135|000008522004|
000004135|000010155003|
000004135|000010261005|
000004135|000009240002|
000004135|000010368002|
000004135|000008474004|
000004135|000010466002|
000004135|000010623003|
000004135|000009843002|
000004135|000009240003|
000004135|000010265005|
000004135|000010633004|
000004135|000009835004|
000004136|000010396005|
000004136|000010629002|
000004136|000008376002|
000004136|000010396003|
000004136|000008490002|
000004136|000008478005|
000004136|000010261005|
000004136|000010265005|
000004136|000010269005|
000004136|000010629003|
000004136|000009733002|
000004136|000010396004|
000004136|000008474005|
000004136|000010629004|
000004136|000008376005|
000004136|000010392003|
000004136|000009835005|
000004136|000008494002|
000004136|000009843004|
000004136|000008486004|
000004136|000010400004|
000004136|000010460005|
000004136|000008482004|
000004136|000008482002|
000004136|000010261003|
000004136|000010265003|
000004136|000010623002|
000004136|000010269003|
000004136|000010368005|
000004136|000010623004|
000004136|000010633005|
000004136|000010368002|
000004136|000009851005|
000004136|000010368003|
000004136|000008771002|
000004136|000010633002|
000004136|000010466004|
000004136|000010400003|
000004136|000008353002|
000004136|000010466005|
000004136|000009835004|
000004136|000008522004|
000004136|000008478003|
000004136|000008490003|
000004136|000008353003|
000004136|000008522002|
000004136|000010623003|
000004136|000008771004|
000004136|000009851002|
000004136|000008482005|
000004136|000009240002|
000004136|000010155003|
000004136|000008771003|
000004136|000010633003|
000004136|000010400005|
000004136|000010368004|
000004136|000010466002|
000004136|000008353005|
000004136|000010633004|
000004136|000009843003|
000004136|000009835002|
000004136|000008376004|
000004136|000008474004|
000004136|000009835003|
000004136|000010396002|
000004136|000010392005|
000004136|000008494003|
000004136|000008376003|
000004136|000008482003|
000004136|000010400002|
000004136|000008771005|
000004136|000010460002|
000004136|000008486003|
000004136|000010155002|
000004136|000009240003|
000004136|000009843002|
000004137|000009733002|
000004138|000009733002|
000004139|000009733002|
000004141|000010443004|
000004141|000010443003|
000004141|000010447003|
000004141|000009823002|
000004141|000010435002|
000004141|000010439002|
000004141|000010451002|
000004141|000010443002|
000004141|000010451004|
000004141|000010451003|
000004141|000010435005|
000004141|000010435004|
000004141|000010439005|
000004141|000010439004|
000004141|000009823004|
000004141|000010435003|
000004141|000010439003|
000004141|000010443005|
000004142|000010439004|
000004142|000010443003|
000004142|000010443002|
000004142|000009823002|
000004142|000010435005|
000004142|000010435003|
000004142|000010443004|
000004142|000010439003|
000004142|000010443005|
000004142|000010447003|
000004142|000010439002|
000004142|000010439005|
000004142|000010435002|
000004142|000010435004|
000004142|000009823004|
000004149|000010493005|
000004149|000010497002|
000004149|000010497004|
000004149|000010502005|
000004149|000010502004|
000004149|000010493003|
000004149|000010502003|
000004149|000010506003|
000004149|000009761003|
000004149|000010506004|
000004149|000009761002|
000004149|000010497005|
000004149|000010497003|
000004149|000010493002|
000004149|000010493004|
000004149|000010506002|
000004149|000010506005|
000004149|000009761005|
000004149|000010502002|
000004154|000009733002|
000004158|000009781004|
000004158|000009781002|
000004158|000009781003|
000004159|000009781002|
000004159|000009781003|
000004159|000009781004|
000004161|000009781003|
000004161|000009781004|
000004161|000009781002|
000004175|000009733002|
000004178|000008543003|
000004178|000008546004|
000004178|000008554004|
000004178|000008554005|
000004178|000008546005|
000004178|000008372004|
000004178|000009749005|
000004178|000008554002|
000004178|000009749003|
000004178|000008546002|
000004178|000008546003|
000004178|000008554003|
000004178|000008372003|
000004178|000008543002|
000004178|000008372005|
000004178|000008372002|
000004178|000009749004|
000004182|000009733002|
